35.6897,139.6922
-6.175,106.8275
28.61,77.23
23.13,113.26
19.0761,72.8775
14.5958,120.9772
31.2286,121.4747
-23.55,-46.6333
37.56,126.99
19.4333,-99.1333
30.0444,31.2358
40.6943,-73.9249
23.7639,90.3889
39.9067,116.3975
22.5675,88.37
13.7525,100.4942
22.5415,114.0596
55.7558,37.6172
-34.6033,-58.3817
6.455,3.3841
41.0136,28.955
24.86,67.01
12.9789,77.5917
10.7756,106.7019
34.6939,135.5022
30.66,104.0633
35.6892,51.3889
-4.3219,15.3119
-22.9111,-43.2056
13.0825,80.275
34.2611,108.9422
31.5497,74.3436
29.5637,106.5504
34.1141,-118.4068
38.874,115.464
51.5072,-0.1275
48.8567,2.3522
23.021,113.752
17.3617,78.4747
39.1336,117.2054
-12.06,-77.0375
30.5934,114.3046
30.267,120.153
23.0214,113.1216
35.1833,136.9
-8.8383,13.2344
3.1478,101.6953
-26.2044,28.0456
41.8375,-87.6866
32.0608,118.7789
21.0,105.85
18.5203,73.8567
23.0225,72.5714
4.7111,-74.0722
41.8025,123.4281
-6.8161,39.2803
22.3,114.2
24.6333,46.7167
-33.4372,-70.6506
22.335,91.8325
-7.2458,112.7378
21.1702,72.8311
40.4169,-3.7033
33.3153,44.3661
21.6627,110.9255
23.551,116.3727
25.784,-80.2101
1.3,103.8
29.786,-95.3885
32.7935,-96.7667
36.0669,120.3827
22.654,110.181
4.05,9.7
40.0077,-75.1339
31.2347,121.5064
43.7417,-79.3733
30.8372,106.1106
36.6702,117.0207
29.987,31.2118
-1.2864,36.8172
20.6767,-103.3475
39.93,32.85
31.2093,107.4678
59.9375,30.3086
25.6667,-100.3
-19.9167,-43.9333
16.795,96.16
33.7628,-84.422
38.9047,-77.0163
27.338,103.717
24.513,117.647
-37.8142,144.9631
5.3167,-4.0333
25.275,110.296
52.52,13.405
31.1975,29.8925
-33.8678,151.21
41.3828,2.1769
-33.9253,18.4239
28.228,112.939
21.5433,39.1728
22.5789,113.0815
28.752,104.643
27.5698,110.0016
32.4567,119.9229
42.3188,-71.0852
38.42,27.14
23.112,109.599
23.354,116.682
34.5253,69.1783
12.6392,-8.0028
31.8206,117.2273
-3.7275,-38.5275
40.769,114.886
23.05,112.4667
38.0425,114.51
29.8603,121.6245
33.5722,-112.0892
42.257,118.888
30.692,111.287
31.9497,35.9328
23.682,113.056
34.3299,108.7088
37.383,117.971
22.8167,108.3275
45.7576,126.6409
9.0667,7.4833
35.4442,139.6381
42.3834,-83.1024
24.4796,118.0889
45.5089,-73.5617
26.0743,119.2964
3.5894,98.6739
27.9938,120.6993
28.683,115.858
47.6211,-122.3244
7.3964,3.9167
33.5333,-7.5833
6.7,-1.625
35.18,129.075
36.7539,3.0589
32.629,110.7987
26.85,80.95
36.3264,59.5433
37.7558,-122.4449
6.6944,-1.4028
25.2631,55.2972
41.108,122.994
34.363,107.238
26.647,106.63
30.533,105.593
31.491,120.312
25.4526,119.0078
30.4564,106.6326
29.552,103.766
-17.7892,-63.1975
26.9,75.8
36.0606,103.8268
23.4767,111.279
37.9842,23.7281
32.8313,-117.1222
24.1439,120.6794
14.6133,-90.5353
29.3697,47.9783
47.4925,19.0514
14.65,121.0475
15.3483,44.2064
41.3111,69.2797
50.45,30.5233
30.0771,103.8484
37.4833,126.6333
52.48,-1.9025
22.517,113.3925
37.5133,122.1205
40.1833,29.05
44.9635,-93.2678
-16.4958,-68.1333
27.9945,-82.4447
24.811,113.597
23.7443,114.7002
-15.7939,-47.8828
15.65,32.4833
-7.98,112.62
48.7775,9.18
46.589,125.104
41.8933,12.4828
40.6501,-73.9496
22.615,120.2975
25.076,117.017
26.4499,80.3319
39.762,-104.8758
23.9889,90.375
22.7872,115.3756
-2.19,-79.8875
36.8138,118.055
48.1375,11.575
26.0865,119.298
25.0375,121.5625
-6.2349,106.9923
33.5131,36.2919
46.8,130.319
6.2308,-75.5906
37.4646,121.4478
23.112,114.416
25.146,82.569
53.55,10.0
32.436,105.844
3.4206,-76.5222
30.2011,115.039
-15.4167,28.2833
12.3686,-1.5275
3.8667,11.5167
22.2716,113.5769
25.112,99.161
21.4225,39.8233
49.25,-123.1
33.8983,35.5057
-12.9747,-38.4767
44.4325,26.1039
21.1497,79.0806
40.7498,-73.7976
42.2237,123.726
5.55,-0.2
-6.2333,107.0
35.8717,128.6017
28.67,77.42
34.6197,112.4539
-27.4678,153.0281
33.9381,-117.3949
6.9344,79.8428
30.129,104.627
-18.91,47.525
33.59,130.4017
31.981,120.894
36.2333,-115.2654
10.4806,-66.9036
-6.1703,106.6403
37.8667,32.4833
26.126,86.605
48.2083,16.3725
32.6447,51.6675
39.3051,-76.6144
40.1167,124.3833
6.2069,7.0678
28.6557,121.4208
-17.8292,31.0522
-31.9559,115.8606
38.6359,-90.2451
11.5694,104.9211
-6.394,106.8225
59.3294,18.0686
23.298,116.166
22.3167,114.1833
-31.4167,-64.1833
20.8651,106.6838
6.9042,122.0761
22.377,107.365
45.5371,-122.65
12.0,8.5167
23.1367,-82.3589
24.4042,111.5672
22.3,73.2
-3.1189,-60.0217
24.7816,118.5517
29.4632,-98.5238
22.3,70.7833
17.7042,83.2978
34.7732,111.2004
32.1567,74.19
36.2,37.16
32.525,-117.0333
53.9,27.5667
22.7167,75.8472
34.0144,71.5675
43.0619,141.3544
38.5677,-121.4685
51.55,5.0833
19.6097,-99.06
43.24,76.915
30.3005,-97.7522
38.485,106.225
-23.9369,-46.325
-15.7861,35.0058
19.1972,72.9722
22.9833,120.1833
30.1978,71.4697
-17.8,-63.1833
4.8242,7.0336
52.23,21.0111
21.481,109.12
42.022,121.67
37.929,102.638
18.3985,-66.061
36.8,34.6333
23.2599,77.4126
36.34,43.13
7.07,125.6
-25.4297,-49.2711
37.3012,-121.848
37.0,35.3213
-0.22,-78.5125
40.4397,-79.9763
37.91,40.24
39.7771,-86.1458
18.6186,73.8037
23.5889,58.4083
-34.8836,-56.1819
39.3317,112.4329
40.7834,-73.9662
39.1413,-84.506
39.1238,-94.5541
25.594,85.1376
14.1058,-87.2047
0.3136,32.5811
41.4764,-81.6805
31.656,120.753
9.5092,-13.7122
14.65,120.97
24.965,121.2168
55.05,82.95
22.09,82.15
-6.99,110.4225
30.91,75.85
41.279,123.176
24.3667,88.6
39.47,-0.3764
27.18,78.02
21.1167,-101.6833
19.0333,-98.1833
39.9862,-82.9855
35.748,114.297
29.61,52.5425
9.9252,78.1198
38.0814,46.3006
22.7925,86.1842
42.7,23.33
9.9325,-84.08
25.4358,81.8464
-2.9861,104.7556
35.5167,139.7
34.69,135.1956
-1.9439,30.0594
29.117,110.479
30.01,103.0415
8.9833,-79.5167
-8.05,-34.9
19.9975,73.7898
20.7167,-103.4
36.35,127.385
40.8501,-73.8662
56.8356,60.6128
35.0117,135.7683
52.3728,4.8936
31.8767,120.556
14.6928,-17.4467
-16.6667,-49.25
35.2083,-80.8303
23.6139,58.5922
49.9925,36.2311
28.4211,77.3078
24.47,39.61
22.8167,89.55
47.9203,106.9172
38.7225,35.4875
32.08,34.78
-6.2889,106.7181
41.2903,36.3336
55.6761,12.5683
60.1708,24.9375
50.0875,14.4214
45.4669,9.19
-36.8406,174.74
19.4572,-70.6889
-5.1619,119.4362
-30.0331,-51.23
29.7149,118.3376
10.9833,-74.8019
35.8614,139.6456
-23.4628,-46.5328
31.745,-106.485
21.9831,96.0844
51.05,-114.0667
28.98,77.71
-1.4558,-48.5039
41.7283,125.9397
21.664,110.6396
-34.9275,138.6
43.0642,-87.9675
41.823,-71.4187
30.3322,-81.6749
-8.8053,13.2444
41.1621,-8.622
-32.9575,-60.6394
-26.2678,27.8585
1.13,104.0531
23.1667,79.9333
53.35,-6.2603
55.7964,49.1089
26.8552,100.2259
39.6333,27.8833
25.3575,55.3908
30.664,113.167
19.2502,73.1602
56.3269,44.0075
-6.84,107.9208
10.0333,105.7833
50.8467,4.3525
37.2667,127.0167
19.3607,72.7956
-22.9058,-47.0608
-4.05,39.6667
28.6092,76.9798
27.8186,114.9167
34.64,50.8764
9.5631,44.0675
38.9248,100.4499
25.3189,83.0128
34.3914,132.4519
18.7953,98.9986
44.82,20.46
55.1547,61.3758
1.13,104.0531
25.2867,51.5333
42.3167,69.5958
32.8872,13.1914
36.1715,-86.7842
19.88,75.32
-7.7167,109.017
40.7776,-111.9311
54.9833,73.3667
14.75,-17.4
53.2028,50.1408
-5.45,105.2667
35.8324,-78.6429
23.7998,86.4305
19.7475,96.115
5.1167,7.3667
53.5344,-113.4903
6.3333,5.6222
-3.3833,29.3667
36.01,106.257
47.2225,39.71
-25.9667,32.5833
31.64,74.86
6.8333,3.65
27.88,78.08
18.4667,-69.95
-6.5966,106.7972
42.8747,74.6122
41.7225,44.7925
26.1722,91.7458
54.7261,55.9475
34.0433,-5.0033
-2.5167,32.9
10.95,106.8167
32.6633,-115.4678
37.39,-5.99
7.5167,5.75
38.516,114.99
9.4075,-0.8533
30.05,121.15
50.9364,6.9528
56.0089,92.8719
30.3914,114.8949
51.1472,71.4222
19.4081,-99.0186
18.0858,-15.9785
22.58,88.3294
37.2333,127.2
40.1814,44.5144
23.36,85.33
37.5295,-77.4756
19.4006,-99.0148
26.2124,78.1772
45.4247,-75.695
59.9133,10.7389
37.65,126.8
38.2682,140.8694
27.6461,113.497
30.75,76.78
51.6717,39.2106
12.1364,-86.2514
29.22,79.52
16.5193,80.6305
58.0,56.3167
21.6867,108.3547
0.5167,25.2
35.1087,-89.9663
-2.5283,-44.3044
26.28,73.02
8.1333,4.25
37.7833,29.0964
31.169,112.5853
6.3133,-10.8014
7.7667,-72.2333
33.6931,73.0639
22.3549,110.9468
10.8266,106.7609
46.4775,30.7326
21.2444,81.6306
-16.4,-71.5333
48.7086,44.5147
25.092,104.8955
28.364,79.415
35.4676,-97.5136
44.84,-0.58
0.5092,101.4453
35.6073,140.1064
41.7661,-72.6834
48.4675,35.04
23.62,90.5
-33.9581,25.6
36.7194,-4.42
31.63,-8.0089
11.0167,76.9556
-9.6658,-35.735
-5.0949,-42.8042
17.68,75.92
18.4855,-69.8734
45.0333,38.9667
17.98,102.63
35.7767,-5.8039
5.4083,100.3695
42.9018,-78.8487
15.3502,75.1376
-16.5047,-68.1633
39.9244,32.8856
37.1997,126.8314
35.6466,139.6532
40.0,32.8667
31.7789,35.2256
6.5333,3.35
-8.112,-79.0288
33.8833,130.8833
21.876,-102.296
30.0687,-89.9288
32.7817,-97.3474
56.9489,24.1064
39.4681,75.9938
37.4333,127.15
10.7903,78.7047
10.4,-75.5
40.8333,14.25
-27.7833,-64.2667
19.4753,-99.2378
22.6799,109.2614
-0.95,100.3531
41.1918,-73.1954
5.485,7.035
26.4333,50.1
48.0028,37.8053
-20.4839,-54.615
-22.8269,-43.0539
20.97,-89.62
40.1983,29.06
41.0342,28.68
28.8319,78.7764
7.1608,3.3483
21.1606,-86.8475
14.5842,121.1763
14.52,121.05
28.3972,36.5789
29.9856,122.2074
35.5572,45.4356
28.6369,-106.0769
3.0333,101.45
11.1085,77.3411
28.456,77.029
31.2569,75.4432
43.2964,5.37
39.7767,30.5206
29.6534,91.1719
4.5972,101.075
31.8476,-106.43
25.4231,-100.9919
6.6,3.35
24.808,-107.397
-17.3883,-66.1597
50.8058,-1.0872
57.15,65.5333
50.9025,-1.4042
29.0989,-110.9542
28.978,117.152
34.0333,-6.8
7.25,5.195
8.5,4.55
36.1912,44.0092
27.71,85.32
51.5333,46.0167
-22.74,-43.47
45.0792,7.6761
-29.6167,30.3833
-29.8833,31.05
20.2644,85.8281
-8.65,115.2167
-7.12,-34.88
-0.5,117.1378
37.1792,119.9333
34.5733,135.4831
41.2627,-96.0529
34.539,113.391
-23.7,-46.55
19.29,72.85
24.8069,-107.3939
7.8942,-72.5039
50.0614,19.9372
14.5605,121.0765
40.6403,22.9347
20.5875,-100.3928
2.8917,-75.4375
26.2252,-98.2467
36.9831,35.3328
37.9161,139.0364
40.6629,-73.6089
53.7975,-1.5436
34.7108,137.7275
-4.7975,11.8503
33.5279,-86.7971
37.5,126.7833
-14.9167,13.5
34.7308,36.7094
43.2569,-2.9236
50.1106,8.6822
22.1511,-100.9761
25.6065,100.2676
41.7259,86.1746
35.1054,-106.6465
39.9086,41.2769
45.8131,15.9775
24.2075,55.7447
30.34,76.38
29.3956,71.6836
10.5167,7.4333
49.8844,-97.1464
41.005,39.7225
28.72,79.32
35.7356,139.6517
-5.7833,-35.2
-23.6572,-46.5333
35.5614,139.7161
8.5241,76.9366
-23.5328,-46.7919
-15.1167,39.2667
-25.7461,28.1881
32.8031,130.7078
30.2911,57.0678
37.5439,45.0647
41.0344,28.8564
46.8139,-71.2081
41.0311,29.1081
37.6333,127.2167
36.1283,-95.9042
7.7667,4.5667
-45.8647,-67.4808
52.9561,-1.1512
43.2567,-79.8692
31.558,106.005
8.48,124.65
36.783,-119.7939
32.0,44.33
-23.5017,-47.4581
35.5667,139.3667
34.65,133.9167
-36.8282,-73.0514
43.6,-79.65
22.3773,112.6982
49.8425,24.0322
44.3054,86.0804
54.6872,25.28
6.4528,7.5111
14.7,120.98
-18.9231,-48.2886
27.8944,102.2644
47.85,35.1175
19.2967,73.0631
5.4144,100.3292
51.4536,-2.5975
29.964,77.546
39.9719,32.8119
17.9689,79.5941
14.33,120.94
47.0228,28.8353
26.71,88.43
11.2886,49.1819
-9.4789,147.1494
35.5167,35.7833
43.168,-77.6162
-21.1783,-47.8067
35.7,139.8833
-23.1789,-45.8869
6.12,125.17
10.3158,9.8442
40.8747,29.235
11.65,78.15
7.8019,6.7442
25.6775,-100.2597
40.4,122.35
32.6167,44.0333
14.5008,120.9915
39.9422,32.9231
53.5089,49.4222
34.9756,138.3828
6.6219,3.3258
-38.0,-57.55
41.65,-0.8833
35.7833,139.8
37.2744,49.5889
-7.3161,108.1975
9.9312,76.2673
20.8997,74.7697
16.8636,-99.8825
26.7637,83.4039
51.11,17.0325
37.9861,-1.1303
30.988,103.647
51.7769,19.4547
16.3008,80.4428
22.58,88.42
39.7805,-84.2003
-12.7767,15.7347
-10.9167,-37.05
14.4624,120.9645
51.92,4.48
20.6167,-103.3167
4.15,-73.6333
42.9667,47.4833
-3.32,114.5925
28.8527,77.0929
10.6,-67.0333
25.3833,49.5833
8.9,11.3667
24.8309,92.6143
34.5176,110.8942
43.6833,-79.7667
24.025,-104.6675
26.6443,-81.9957
14.617,120.967
19.5367,-99.1947
37.3167,126.8333
16.4667,107.5792
14.8139,121.0453
36.81,127.1475
-15.5958,-56.0969
33.257,115.3746
37.8814,32.4922
56.8333,53.1833
35.6946,139.9826
-8.1122,-35.0156
21.76,72.15
22.009,100.797
33.6096,-117.6551
35.5819,116.9862
22.3802,114.1898
3.0972,101.6444
38.8674,-104.7605
28.57,77.32
30.442,-91.1311
26.225,50.5775
28.1258,-15.4353
31.0167,73.85
29.3394,105.2875
25.033,101.5459
53.3486,83.7764
38.1111,13.3517
14.5567,121.0214
51.2333,6.7833
40.5961,-75.4756
55.8611,-4.25
41.0011,71.6683
26.556,49.996
21.21,81.38
54.3167,48.3667
12.8681,74.8425
52.2833,104.2833
41.2279,-111.9682
9.9167,8.8903
31.05,31.3833
-19.9319,-44.0539
-1.59,103.61
29.8453,31.3333
40.2457,-111.6457
10.905,106.6994
-0.0206,109.3414
25.5619,84.87
-26.3204,-48.8437
-12.25,-38.95
48.4833,135.0833
51.34,12.375
35.9692,-83.9496
39.9458,32.6694
40.2248,116.1944
59.4372,24.7453
19.4167,-98.9
-6.12,106.1503
42.9619,-85.6562
36.9167,30.6833
57.7075,11.9675
3.8167,103.3333
-28.0167,153.4
35.8077,139.7241
14.45,120.98
-26.8167,-65.2167
25.25,51.4
26.3,83.9167
47.91,33.39
39.485,115.974
36.8064,10.1817
57.6167,39.85
10.6765,122.9509
9.3,13.4
32.8192,34.9992
22.2492,84.8828
13.34,77.1
-1.2768,116.8277
6.5408,3.3872
43.1333,131.9
38.7167,35.5
31.6,130.55
51.5139,7.4653
20.6667,-101.35
30.9686,31.1636
42.6664,-73.7987
4.8143,-75.6946
26.0922,-98.2778
-6.8712,107.5548
1.0806,34.175
23.3961,103.3649
51.4508,7.0131
35.7667,139.6833
3.0722,101.5167
35.6994,139.6364
8.9564,77.3152
17.9714,-76.7931
21.2751,40.4062
16.7528,-93.1167
24.7539,90.4031
35.6664,139.316
10.72,122.57
-33.6167,-70.5667
56.5,84.9667
34.0209,-6.8416
39.9594,32.5767
35.3529,-119.0359
9.5916,76.5222
-0.3,36.0667
20.6167,-103.2333
53.0758,8.8072
22.2006,113.5461
49.19,-122.8489
23.55,87.32
41.3113,-72.9246
51.7833,55.1
23.68,86.99
23.67,86.15
51.05,13.74
6.3333,-75.5667
16.6917,74.2333
21.161,81.787
44.4111,8.9328
-23.31,-51.1628
19.65,-99.25
5.0333,7.9275
34.8064,48.5161
-6.763,-79.8366
-7.5667,110.8167
53.7667,87.1333
26.4499,74.6399
35.2342,128.8811
19.15,77.3
39.5667,2.65
-25.6667,27.2428
20.9258,77.7647
41.5725,-93.6105
38.7253,-9.15
37.3833,126.9333
52.08,4.31
40.7833,72.3333
53.479,-2.2452
14.45,79.99
52.4083,16.9336
39.6547,66.9758
52.3667,9.7167
5.65,100.5
10.4833,-73.25
14.38,121.05
19.3186,-98.8822
25.8797,-97.5042
41.0798,-81.5219
4.4333,-75.2333
-21.7619,-43.3494
14.22,121.17
28.4667,-16.25
54.63,39.7425
-27.6122,-48.4853
40.2833,28.95
51.2178,4.4003
15.45,36.4
-24.7833,-65.4167
26.1397,91.7925
27.9631,-80.6593
55.6833,52.3167
17.329,76.825
0.3639,32.5286
37.9722,-122.0016
14.8667,-15.8833
28.0181,73.3169
39.327,115.874
-12.9689,28.6325
34.8167,134.6833
41.9961,21.4317
10.2333,-66.6639
31.2625,32.3061
46.35,48.035
35.6667,139.8167
25.7817,-100.1886
8.75,-75.8833
49.4539,11.0775
43.4186,-80.4728
36.934,116.638
8.175,77.4306
23.8314,91.2869
4.5872,-74.2214
45.76,4.84
-33.5167,-70.7667
34.0914,49.6933
-20.1289,-40.3078
19.645,-99.1694
33.895,-5.5547
29.3084,30.8441
36.5551,139.8826
53.3808,-1.4703
14.6331,-90.6064
22.7667,112.95
53.2,45.0
28.75,77.28
11.2419,-74.2053
23.17,75.79
53.4094,-2.9785
0.033,-51.05
-21.7539,-41.3239
25.35,74.63
37.6895,-97.3443
52.6344,-1.1319
-27.7464,29.9328
20.9397,106.3306
25.4486,78.5696
33.8333,132.7667
19.22,73.15
12.9165,79.1325
43.6045,1.444
36.0322,129.365
33.4015,-111.7178
52.6167,39.6
51.4347,6.7625
32.73,74.87
7.4667,4.5667
58.6,49.6833
23.2167,-106.4167
30.631,116.581
24.8167,120.9833
40.2752,-76.8843
27.191,109.819
49.8028,73.1056
10.3127,123.9488
35.7876,139.9032
1.4556,103.7611
25.778,87.476
14.4297,120.9367
-22.8833,-43.1036
40.5834,-74.1496
34.6867,-1.9114
26.2594,107.5186
41.6638,-83.5827
35.7219,139.9311
6.1333,102.25
34.6794,135.6008
25.4136,55.4456
18.6667,105.6667
19.55,-99.2833
56.15,47.2333
51.4833,-3.1833
55.9533,-3.1892
34.7376,135.3416
42.2705,-71.8079
34.6794,135.6008
54.3475,18.6453
44.605,33.5225
14.5269,-90.5875
24.919,102.478
37.1583,38.7917
32.0833,36.1
20.55,74.55
-20.8081,-49.3811
35.8983,14.5125
22.47,70.07
24.9,91.8667
-1.3658,-48.3719
-33.0175,27.9047
31.7194,72.9842
-25.3,-57.6333
33.2333,131.6067
21.12,73.12
0.5167,35.2833
48.1439,17.1097
34.585,133.7722
50.8147,-0.3714
24.75,85.01
-5.2,-80.6333
-20.3364,-40.2936
32.0178,36.0464
-31.5342,-68.5261
46.975,31.995
41.0,28.8
55.8167,37.9667
54.2,37.6167
-26.3333,28.15
-10.1702,123.6077
13.1143,80.1548
14.975,102.1
11.0508,106.7636
-29.1667,-51.1833
15.1472,120.5847
36.5611,136.6564
33.7977,-118.167
27.2796,-80.3884
1.4931,124.8413
40.8872,29.19
-38.0996,145.2834
21.004,75.568
-8.7619,-63.9039
34.4858,133.3622
34.7256,-92.3577
-34.7,-58.4
34.7333,135.4
36.9922,127.1128
39.5497,-119.8483
15.83,78.05
47.6671,-117.433
14.65,121.1
2.1944,102.2486
1.4931,124.8413
38.4697,27.2211
37.887,41.132
37.887,41.132
5.975,116.0725
35.7333,139.85
20.0217,-75.8294
24.58,73.68
51.7167,36.1833
-23.5228,-46.1878
45.05,41.9833
14.38,120.88
43.6005,-116.2308
26.3558,-81.7859
47.0958,37.5494
37.943,23.6469
47.3744,8.5411
7.6211,5.2214
37.887,41.132
34.867,110.448
41.0339,28.8903
31.8578,-116.6058
23.2283,91.3133
37.5833,36.9333
25.75,-100.2833
24.9913,121.3143
27.4924,77.6737
14.55,121.0
44.6475,-63.5906
35.35,139.4667
51.8333,107.6
33.2175,-97.1418
45.5833,-73.75
37.7904,-122.2166
33.3645,-82.0708
41.0719,28.9664
16.853,74.583
40.9792,28.7214
33.513,126.523
14.4666,75.9242
35.5542,139.4431
-6.912,107.6097
28.3041,-81.4169
11.2588,75.7804
34.25,-6.5833
-22.57,17.0836
18.15,74.58
30.7833,31.0
-13.525,-71.9722
19.1903,-96.1533
13.0622,5.2339
36.1029,-80.261
35.8676,139.9758
32.8341,109.3653
38.3486,38.3194
26.65,84.9167
40.8228,140.7469
14.58,121.03
41.44,-8.3
37.3799,126.8029
56.8625,35.9242
19.54,-96.9275
3.8772,-77.0267
42.9836,-81.2497
-22.7253,-47.6492
-7.8014,110.3644
35.0824,137.1563
6.8833,-6.45
38.6744,39.2228
37.7486,127.0389
16.8906,97.6333
5.8,8.0833
45.5298,131.8466
43.8564,18.4131
2.7222,101.9417
-7.2306,-35.8811
22.3282,114.1916
41.3289,19.8178
23.9101,89.1231
-23.6678,-46.4608
53.3833,59.0333
48.5678,39.3031
34.35,134.05
-3.3667,36.6833
-12.0522,-77.1392
35.6,139.7333
37.8667,126.8
14.32,121.12
26.8014,84.5028
31.2694,72.3161
39.9636,32.9033
37.9765,-121.3109
2.8194,-60.6714
13.4531,-16.5775
-2.533,140.717
36.6959,137.2137
35.3114,46.9961
16.4333,102.8333
16.52,76.76
-19.9678,-44.1978
43.5853,39.7203
8.7136,77.7567
1.2078,-77.2772
43.0407,-76.1437
25.25,87.0
-0.0833,34.7667
-23.4,-51.9167
38.7333,35.4833
-8.5833,116.1167
11.0667,7.7
36.1195,128.3444
14.33,121.08
35.066,-85.2481
37.027,111.917
37.9167,40.1833
11.9417,108.4383
22.3307,114.1622
-31.6333,-60.7
23.375,91.0583
32.7447,129.8736
7.0167,100.4667
22.61,88.4
36.2894,50.0086
24.18,78.2
40.042,-76.3012
28.99,77.022
-23.1858,-46.8839
56.9967,40.9819
34.8354,-82.3646
34.7833,135.4667
24.85,89.3667
35.4232,136.7608
35.9792,-78.9022
53.2333,34.3667
30.0331,70.64
-16.3339,-48.9519
30.4413,-87.1911
31.9078,131.4203
8.8932,76.6141
9.0,76.6167
9.0,76.6167
34.8167,135.65
53.4325,14.5481
49.1925,16.6083
61.25,73.4333
36.0714,-94.1661
14.7833,-16.9167
32.6998,-97.125
54.8972,23.8861
19.8075,105.7764
-23.6861,-46.6106
24.2644,89.9181
12.245,109.1917
-34.0403,18.6778
6.0167,6.9167
35.2813,139.6721
14.6031,121.0022
44.4939,11.3428
50.2836,57.2297
-6.0027,106.0112
39.7083,-104.7237
-23.5192,-46.8358
-9.3825,-40.5022
25.7583,84.1489
7.85,3.933
14.5692,121.1325
22.87,88.41
17.4849,78.4138
38.6144,27.4292
18.83,74.38
15.4869,120.59
34.9543,137.1744
24.781,112.377
30.378,111.45
7.6167,4.7167
23.85,90.26
27.4861,-99.5069
23.5333,58.3833
-43.531,172.6365
-0.895,119.8594
-35.2931,149.1269
34.7594,135.5169
35.5667,-5.3667
14.66,120.96
2.9345,-75.2809
45.2542,19.8425
-12.0667,-75.2167
20.5222,-100.8122
35.3039,136.8031
-8.2828,-35.9758
38.7992,-9.3883
36.2025,36.1606
-3.75,-73.25
22.69,88.37
14.57,121.12
-37.0,174.885
-23.4864,-46.3486
28.8909,76.5796
37.0628,37.3792
30.5167,75.8833
33.4875,48.3561
13.9411,121.1622
8.948,125.543
53.0,-2.1833
36.3219,139.0033
34.7692,137.3915
40.8,29.4333
-6.485,106.842
34.1964,-119.1815
49.2333,28.4833
33.7346,-116.2346
27.6833,84.4333
36.6486,138.1947
25.1333,121.7333
-22.315,-49.0608
-33.5333,-70.5833
19.5833,-99.3667
16.4119,120.5933
41.4044,-75.6649
51.4819,7.2158
39.75,37.0167
22.35,82.68
22.3458,82.6963
-9.9747,-67.81
19.7131,-98.9683
36.55,32.0
10.33,123.93
34.5277,-117.3536
40.7625,29.9175
5.5167,5.75
48.4283,-123.3647
8.23,124.25
52.4081,-1.5106
37.95,40.1667
40.2237,-74.7641
-2.8974,-79.0045
-26.9333,-49.05
43.7714,11.2542
-3.7956,102.2592
55.6058,13.0358
18.5128,-72.2864
52.0908,5.1217
27.62,75.15
5.5333,7.4833
55.1917,30.2056
3.5833,-76.25
51.2667,7.1833
53.6667,23.8333
10.9601,78.0766
-25.0994,-50.1583
24.95,84.03
42.9,71.3667
29.686,76.989
38.4189,27.1285
17.9833,-94.55
19.315,84.7941
19.95,79.3
-3.7167,-38.65
14.275,121.125
15.03,120.68
35.9251,139.4858
37.6375,-121.0028
57.9167,59.9667
28.2083,83.9889
17.9892,-92.9281
38.4942,43.38
53.9167,30.35
34.2333,135.1667
40.53,72.8
35.75,139.7333
37.7,126.6
-27.4833,-58.8167
-20.5389,-47.4008
34.6844,135.805
56.1286,40.4058
49.286,120.712
20.42,106.1683
-17.9667,-67.1167
64.5333,40.5333
13.9667,44.1667
19.08,74.73
32.9,73.75
50.4333,80.2667
20.8869,-76.2592
23.9,90.41
36.6606,44.5508
52.05,113.4667
-8.0,-34.8833
-24.0061,-46.4028
13.0465,77.513
35.7014,139.7097
38.3453,-0.4831
-20.2639,-40.42
43.2167,27.9167
21.3294,-157.846
-23.65,-70.4
43.7034,7.2663
-24.9556,-53.4553
37.9167,29.1167
-29.92,-51.18
34.8461,135.6175
36.0956,-79.8271
33.839,-117.8574
42.15,24.75
38.4594,27.1153
27.88,79.91
8.9392,7.0758
13.1097,80.0972
13.1147,80.1098
54.5964,-5.93
12.7409,77.8253
14.47,78.82
35.7074,139.6638
-29.31,27.48
52.3,76.95
13.3611,100.985
13.6244,123.1864
41.1669,29.0572
37.8364,32.4383
25.5611,-103.4983
-7.9408,-34.8728
16.98,81.78
35.8911,139.7909
10.3833,107.1167
35.8167,127.15
27.5498,76.6355
35.7996,139.4686
40.5897,49.6686
-14.8658,-40.8389
44.9519,34.1022
13.4333,-16.6667
40.7385,-73.1888
18.9186,-99.2342
43.8767,-79.2633
52.0211,8.5347
-19.7478,-47.9319
27.6666,85.3333
53.1219,18.0003
27.7254,-97.3767
41.0888,-85.1436
51.4542,-0.9731
-26.0936,28.0064
50.7333,7.1
37.0505,140.8877
43.9,-78.85
21.47,83.97
40.5477,-105.0656
32.3157,-90.2125
-0.2542,-79.1719
19.4208,-102.0628
51.25,22.5667
24.5,110.4
61.4981,23.76
50.6,36.6
26.1225,85.3906
-33.0244,-71.5517
21.5083,-104.8931
33.7094,-78.8844
22.1833,-100.9333
17.0197,54.0897
-2.43,-54.72
36.3895,139.0634
54.55,36.2833
1.6667,101.45
41.0011,28.6419
40.6828,46.3606
43.7667,142.3667
-3.9907,122.5086
37.3417,127.9208
8.4917,8.5167
36.8667,43.0
53.4597,-6.2181
22.6686,88.3704
35.1725,33.365
-23.9633,-46.3922
-19.7669,-44.0869
14.7833,-17.4
27.4939,-109.9389
-25.535,-49.2058
27.029,83.2668
12.9357,100.889
35.085,-78.9772
47.53,21.6392
40.9683,29.2617
16.83,75.71
15.4908,120.9678
24.3926,71.6248
37.9787,-121.796
13.174,100.93
20.5703,-101.1972
16.9944,73.3
46.0722,122.0933
37.4004,140.3597
-26.1625,27.8725
48.8056,44.7417
-8.3833,-74.55
14.3583,121.0583
-31.7719,-52.3425
33.5589,133.5314
1.5575,110.3439
7.22,124.25
-6.3645,106.8591
-1.25,36.6667
37.8845,-4.7796
2.0336,103.3194
13.4969,39.4769
47.2181,-1.5528
43.8333,-79.5
-20.2889,-40.3083
13.9333,75.5667
42.7142,-84.5601
-24.1833,-65.3
29.22,78.95
10.9667,106.65
38.0423,-84.4587
-6.9181,106.9315
51.9625,7.6256
30.6782,-88.1162
7.55,6.2333
21.5222,70.4579
54.7828,32.0453
25.5744,-108.4706
42.4667,59.6
18.4617,-97.3928
18.15,-94.4333
-2.0845,29.7527
41.0993,-80.6463
54.1833,45.1833
37.476,126.866
59.1167,37.9
-23.025,-45.5556
4.6786,-74.1411
28.7309,77.7757
-23.5111,-46.8764
13.6989,-89.1914
26.2122,127.6792
41.1253,16.8667
22.6721,113.2509
10.5276,76.2144
49.4878,8.4661
-20.8789,55.4481
2.05,102.5667
31.1167,74.45
23.2333,87.8667
41.695,-73.9211
53.7444,-0.3325
59.2167,39.9
14.3944,120.8531
62.03,129.73
18.9944,73.1139
33.7367,-117.8819
-23.9936,-46.2564
18.672,78.094
27.5167,41.6833
22.9406,113.9436
-34.0506,18.6181
34.965,136.6244
19.2647,-98.8975
35.7097,51.1119
-25.5167,-54.6167
42.2759,-83.731
44.9478,-93.1039
49.0092,8.404
32.2833,-9.2333
25.65,-100.0833
-6.3125,107.295
-23.5428,-46.3108
40.7245,-74.1725
19.27,76.78
9.75,118.75
29.15,75.7
43.04,44.6775
42.2833,-83.0
35.2475,136.9722
25.6833,-100.45
27.98,74.95
23.7389,-99.1431
20.6281,-87.0755
38.2961,38.2489
33.6772,-117.7738
33.9825,51.4325
9.6139,6.5569
52.9686,36.0694
39.72,140.1026
33.3192,130.5083
55.4311,37.5456
-10.1844,-48.3336
43.6119,3.8772
41.1333,-8.6167
-38.7167,-62.2667
-33.5833,-70.7
20.3833,-99.9833
4.53,-75.68
48.3689,10.8978
2.4542,-76.6092
19.1264,41.0789
54.978,-1.6102
25.0119,88.1433
17.0606,-96.7253
3.5986,98.4803
33.775,35.9
-19.0475,-65.26
40.7846,-73.514
34.65,135.0
38.7578,30.5386
13.292,77.543
-12.6978,-38.3239
25.7933,-100.1583
37.5,15.0903
-8.1727,113.6873
25.3833,49.6
-6.8833,109.6667
25.7835,-108.9937
35.7333,139.7167
20.1,-98.75
35.3333,129.0333
41.6528,-4.7236
22.2553,-97.8686
25.197,85.518
60.2056,24.6556
3.7456,8.7744
-34.45,-58.9167
-33.0461,-71.6197
-6.7071,108.5574
7.4478,125.8078
38.4458,-122.7067
26.17,85.9
23.45,91.2
38.4228,38.3656
14.2306,120.975
-2.1733,-79.8311
-6.2811,106.7019
28.4512,77.6955
29.3875,76.97
25.75,89.2444
53.1353,23.1456
40.8078,-81.3676
35.5707,-82.5537
43.0236,-83.6921
42.2314,-8.7124
19.6333,-99.0931
23.7272,92.7178
22.65,88.34
53.8,-1.75
15.22,120.58
28.0118,-81.7014
47.0708,15.4386
10.45,77.5161
-27.4514,-58.9867
43.3125,45.6986
-9.0745,-78.5936
48.5833,7.7458
60.3894,5.33
45.4833,-75.65
25.25,86.23
-6.8675,109.1375
56.1572,10.2107
39.7021,141.1545
40.8099,-96.6784
47.21,123.61
18.4386,79.1288
14.82,120.96
52.7231,41.4539
22.96,76.06
41.0225,28.8717
20.15,94.95
40.3864,71.7864
22.9,88.39
22.9,88.39
36.19,5.41
25.7,85.18
35.6333,139.6833
-3.2667,-79.9667
-25.34,-57.52
40.7184,-74.0686
16.7,74.47
-15.65,-56.1333
13.65,79.42
16.7842,94.7333
51.4939,31.2947
9.295,-75.3961
46.7667,23.5833
37.1943,-93.2916
-18.0147,-70.2489
22.46,114.002
30.23,74.9519
50.2625,19.0217
19.8333,75.8833
-25.54,-54.5875
53.578,-2.429
14.07,121.325
19.3611,-99.3508
33.0502,-96.7486
14.7189,-90.6442
46.0514,14.5061
37.7608,140.4747
17.3333,96.4833
34.8164,135.5686
32.4653,-93.7955
49.8356,18.2925
49.5894,34.5514
50.0825,8.24
24.6005,80.8322
24.1582,80.751
-14.0667,-75.7333
37.8667,127.7333
40.7833,30.4
40.0806,29.5097
41.5565,-90.6053
33.5657,-101.8879
28.0557,-81.9545
53.6333,55.95
39.7667,64.4231
13.995,-89.5561
34.7717,72.36
41.15,27.8
46.6425,32.625
13.93,121.62
-22.505,-43.1789
25.9417,83.5611
60.95,76.6
10.3736,105.4458
61.7833,34.3333
35.8167,128.7333
22.72,88.48
41.6767,-86.2696
2.96,99.06
50.85,5.6833
21.3,105.4333
54.906,-1.381
57.7681,40.9269
6.1667,-75.6167
-15.4833,-70.1333
32.6281,-117.0144
-27.3667,-55.9
27.39,79.581
33.2825,-111.8514
34.7333,127.7333
38.8667,65.8
49.4167,27.0
25.0781,-77.3386
23.334,75.037
34.7607,127.6622
-6.1703,106.53
-23.6042,-46.9194
-23.5328,-46.7994
14.6969,121.1219
44.7167,37.7833
34.7184,136.5057
42.2596,-89.064
-5.5333,-47.4833
18.5167,-70.0167
40.34,-75.9267
47.1956,18.4089
-3.5403,118.9707
35.7,139.8167
21.25,75.3
47.1622,27.5889
-29.6833,-53.8
44.0564,-123.1174
10.35,106.35
41.1856,28.7406
52.9247,-1.478
36.3658,140.4712
37.35,126.95
10.2904,11.17
49.4444,32.0597
40.5455,34.957
34.3997,74.2817
21.19,81.28
34.2099,-77.8866
51.2,6.4333
43.5333,-5.7
23.9656,91.108
34.4175,-118.4964
20.4461,106.3422
35.4981,140.1154
-21.5333,-64.7333
30.5586,31.01
50.3714,-4.1422
68.9706,33.075
33.31,-111.7463
14.68,77.599
37.7639,38.2778
39.4167,29.9833
56.65,47.8833
-5.35,-49.1167
44.9233,-123.0244
52.1333,-106.6833
-22.8219,-47.2669
31.0753,-97.7297
37.4462,138.8512
50.9119,34.8028
48.3,25.9333
34.9506,127.4875
43.4833,43.6167
34.74,10.76
51.0536,3.7253
-29.9333,-50.9833
-19.8667,47.0333
51.5017,46.1222
24.8074,93.9384
20.7836,97.0354
31.3,-110.9333
-5.1878,-37.3439
42.3791,-88.0811
-19.5892,-65.7533
37.075,36.25
32.51,-84.8771
-26.9,-48.6667
36.2883,-115.0888
44.1667,28.6333
-25.27,-57.4872
34.6269,135.601
26.2442,68.41
10.25,123.83
51.5167,7.1
-34.7167,-58.2667
-34.4331,150.8831
50.25,28.6667
-22.5228,-44.1039
36.0641,136.2196
25.5514,84.6603
14.8433,120.8114
31.3186,-110.9458
10.2317,12.9303
35.6689,139.4776
35.6581,139.7514
-26.2125,28.2625
14.83,120.28
46.1978,-119.1732
27.7931,-82.6652
32.3775,15.092
37.8481,27.8453
-0.95,-80.7162
30.4551,-84.2527
34.75,134.8333
37.7647,30.5567
37.75,39.3167
36.8874,30.7075
35.3167,139.35
36.255,44.8836
-18.85,-41.9333
55.8892,37.445
26.77,79.03
23.6833,90.5167
-23.0903,-47.2181
-29.1167,26.2167
11.9333,108.4667
17.4519,78.5362
42.85,-2.6833
-26.2178,28.1672
13.8667,100.5167
45.4386,10.9928
40.8161,29.3006
51.4947,-0.1353
27.5625,-99.4874
5.3292,103.1361
-15.1953,12.1508
32.8583,-96.9702
34.0667,134.55
-22.0,-47.8908
45.5333,-73.5167
14.7581,120.9481
17.35,82.55
31.4097,46.1717
14.6,-61.0667
16.4847,97.6258
40.752,-89.6154
23.57,70.63
25.8629,85.7811
38.3742,34.0289
33.9578,130.9414
37.1939,40.5861
23.5417,89.1833
60.45,22.2667
27.22,77.48
50.7756,6.0836
25.42,86.13
-7.8111,112.0047
23.48,120.4497
41.0369,29.1786
41.7686,140.7289
11.24,125.0
19.8599,82.9338
52.2667,10.5167
36.5817,36.165
46.0711,18.2331
35.8254,139.8053
8.9139,76.6889
10.3333,-67.0417
32.3482,-86.2668
52.5833,-2.1333
16.2411,-61.5331
33.35,43.7833
45.7597,21.23
22.875,91.2833
45.4375,12.3358
47.2167,38.9167
-27.6,-48.6167
24.1422,-110.3108
31.5125,31.8256
34.6292,45.3222
43.3019,68.2692
28.6139,77.2089
-33.4117,-70.55
-1.6794,29.2336
31.95,34.8
50.5667,137.0
19.85,-90.5306
49.598,117.379
13.16,80.3
-2.21,113.92
49.2667,-122.9667
27.17,84.32
-22.565,-47.4019
18.6431,-91.8306
23.08,70.13
50.8333,12.9167
24.08,74.02
35.85,129.2167
33.5791,-112.2311
2.2878,111.8308
-31.7331,-60.5297
41.02,28.5775
54.3233,10.1394
43.365,-8.41
14.6667,120.9417
22.4069,-79.9649
27.0994,68.4208
38.2554,140.3396
39.9651,-76.7315
41.1342,29.0922
36.0835,140.0764
-22.3708,-41.7869
47.6842,17.6344
6.8731,79.8758
52.2304,-0.8938
13.012,77.6951
13.102,77.374
51.6167,-3.95
61.6667,50.8167
50.6192,26.2519
54.5175,18.54
42.7491,-71.491
53.5547,-1.4791
4.85,100.7333
-16.4667,-54.6333
11.9167,79.8167
-34.6653,-58.7275
-1.0561,-80.4553
32.91,-96.6304
23.1704,89.2
6.7953,79.9386
34.4367,35.8344
35.1613,138.6763
51.4333,5.4833
36.2125,57.6764
-22.2208,-54.8058
11.6,37.3833
33.18,129.715
18.7639,79.475
24.1722,72.4333
13.0819,109.295
33.18,129.715
26.4542,87.2797
17.6778,75.3278
44.85,65.5167
43.1833,-79.2333
35.3333,139.4
-21.7939,-48.1758
51.4828,11.9697
-22.7386,-47.3311
-19.4658,-44.2469
25.35,85.02
10.4322,-66.8739
40.8417,31.1583
-22.2139,-49.9458
25.53,87.58
33.6872,-111.8651
-6.4833,-76.3667
-23.3053,-45.9658
35.7167,139.75
13.0659,77.5922
25.367,72.783
52.1317,11.6392
35.4833,139.45
36.238,137.972
46.255,20.145
38.2669,-0.6983
36.9165,34.8951
48.9228,24.7106
35.6506,139.5407
-34.7667,-58.6167
47.9531,21.7271
8.7642,78.1348
23.6703,58.1891
29.92,73.88
45.6667,25.6167
30.2082,-92.0325
36.4703,52.3467
58.97,5.7314
58.8517,5.7361
55.6333,51.8167
26.9103,-101.4222
36.8945,-76.259
50.6278,3.0583
-25.8603,28.1894
40.7912,-73.6688
27.23,95.17
24.53,81.3
35.485,51.6794
2.9931,101.7889
32.0889,34.8864
18.2169,42.5053
47.995,7.85
7.9667,3.6
22.2867,114.155
-24.6581,25.9122
38.8786,-77.1011
-9.4306,-40.5028
47.7,40.2333
22.47,88.11
28.4069,77.8497
5.55,95.3175
35.6594,139.7006
34.6747,33.0442
-9.7519,-36.6608
4.3925,113.9861
-3.8667,-38.6333
51.2225,51.3725
44.3333,23.8167
-26.1833,-58.1833
44.278,-88.3892
25.15,82.6
53.2189,6.5675
-27.6144,152.7608
18.4167,-70.1056
11.8745,75.3704
16.2,77.37
30.8092,73.4536
33.2667,130.3
25.8004,89.0
-25.2919,-49.2239
16.17,81.13
25.0415,88.7605
-7.4278,109.2417
-34.1667,-70.75
21.4156,105.8739
-38.9525,-68.0642
-20.1389,-44.8839
11.0106,124.6075
23.175,-102.8675
56.2333,43.45
37.1781,-3.6008
21.1333,105.5
0.9,108.9833
1.6667,103.6
22.7,90.3667
25.77,73.33
21.167,73.564
18.7519,79.5133
51.2,58.5667
40.9833,37.8833
48.7167,21.25
35.9753,139.7523
16.8667,79.5833
6.1667,-75.5667
29.945,78.163
34.9415,-81.0241
37.5265,-121.9843
18.1159,83.406
32.9394,-5.6675
51.3333,6.5667
46.8651,-96.8292
29.5342,73.4477
38.6778,29.4042
19.17,75.18
-22.6528,-43.0408
34.7667,135.6333
8.7,77.7069
-29.6778,-51.1308
-19.5,-42.5333
48.5,32.2667
28.92,79.97
22.47,72.8
48.5167,34.6167
35.9774,139.5932
24.0667,120.5333
50.4547,-104.6067
41.4489,2.2461
-22.1256,-51.3889
44.5148,-87.9895
1.3786,99.2722
36.0091,-115.2278
41.57,2.013
-28.7383,24.7639
22.69,72.86
-18.155,49.41
48.1147,-1.6794
-6.4947,106.6511
23.644,88.8556
36.2911,139.3754
-22.7439,-42.8589
20.6458,-105.2222
-30.0808,-51.0228
34.8114,135.3406
-27.0958,-52.6178
-34.75,-58.3833
19.2925,-99.6569
35.4333,139.3667
5.8522,-55.2039
21.4272,92.005
-23.5489,-46.9342
51.3,37.8333
-7.75,113.2167
25.8696,-80.3045
10.787,79.1378
41.1253,126.194
40.5123,141.4884
6.8208,3.9208
58.55,31.2667
36.75,34.5333
-26.107,28.0517
-6.3704,106.8176
51.8972,-8.47
-8.5536,125.5783
7.1961,5.5864
51.56,-1.78
-22.8789,-42.0189
28.92,79.5
55.9167,37.8167
37.0333,35.4167
35.8333,10.6333
9.6028,105.9736
28.905,-81.2137
14.7167,-17.2667
34.1416,-117.2943
29.6804,-82.3459
28.58,78.55
49.9994,8.2736
-19.77,-43.8506
24.202,82.666
49.0631,33.4039
31.8,34.65
42.2128,20.7392
36.0952,-115.2636
26.2833,50.2
5.1497,7.3303
47.2431,-122.4531
4.0833,-76.2
-6.165,39.199
38.4789,-0.7967
38.1936,15.5542
-2.1333,106.1167
37.2785,-79.9581
1.4472,125.1978
13.4814,-88.1775
41.5486,2.1075
53.8697,10.6864
37.6,-0.9833
22.89,88.42
35.7333,139.7833
45.4233,28.0425
40.6925,-73.3586
27.1536,-13.2033
43.36,-5.845
14.9,-92.2667
21.6417,69.6293
-29.76,-51.1469
6.45,3.3667
32.3286,34.8567
53.2,63.62
6.1183,100.3694
51.9333,15.5
-7.872,112.525
-34.5167,-58.7667
30.133,77.288
-3.4425,114.8325
7.9042,125.0928
-13.1631,-74.2244
-41.2889,174.7772
-33.4833,-70.55
21.5478,107.9717
50.75,25.3358
-22.8583,-47.22
12.9675,80.1491
18.8833,-99.1667
10.5333,106.4167
-34.6,-68.3333
21.82,75.6187
23.6167,58.5667
18.2801,-93.2018
52.3667,5.2167
60.2944,25.0403
-17.5167,-63.1667
38.7,-9.4167
38.4833,27.05
5.3,-3.9833
37.1498,127.0771
43.45,-79.6833
17.4399,78.4983
10.3,105.7667
8.8861,-64.2611
23.25,69.67
36.3114,139.1968
36.6817,-6.1378
30.5852,-96.2959
52.6286,1.2928
50.8,19.1167
25.381,86.465
51.8783,-0.4147
25.7848,84.7274
24.8333,121.0119
1.8067,-78.7647
63.4297,10.3933
34.2492,132.5658
8.8822,7.2203
13.8485,75.705
35.7125,139.78
36.7414,43.8933
22.7528,-102.5078
55.9167,37.7667
35.3403,25.1344
-28.6775,-49.3697
30.74,76.8
21.3114,76.2289
47.0417,-122.8959
51.4967,6.8706
42.503,27.4702
14.28,120.87
37.75,128.9
7.8272,123.4364
-33.3667,-70.7333
48.3058,14.2864
5.3655,100.4607
49.1667,-123.1333
54.0833,12.1333
17.4859,78.5651
57.8167,28.3333
40.9466,-73.8673
40.3333,-3.8667
33.9244,-117.2045
34.1914,-118.8756
13.13,123.73
7.3,125.68
31.2589,34.7997
49.7989,30.1153
-8.2897,-35.03
65.0142,25.4719
-16.2528,-47.95
-6.3111,106.7619
33.6833,-7.3833
-3.2967,102.8617
30.38,76.78
19.9833,-102.2833
0.4378,32.6025
22.3302,87.3237
26.055,32.1639
22.1083,95.1417
35.7256,139.5383
12.9563,78.2754
55.6783,37.8944
10.35,77.95
52.04,-0.76
8.0031,124.285
-6.8242,37.6633
24.75,72.2167
52.413,-1.778
31.1033,77.1722
45.4167,11.8667
-7.3695,108.5414
-28.25,-52.4
25.6167,88.65
15.2689,76.3909
51.544,-0.1027
-35.4269,-71.6656
35.741,-81.3223
35.1984,-101.8316
42.8167,-1.65
-36.8019,174.7494
25.0044,88.1458
15.9281,120.3489
10.9333,108.1
15.506,80.049
18.8942,-96.9347
23.6167,91.1083
15.443,75.6442
43.5396,-96.7311
0.78,127.3819
51.3158,9.4979
14.8333,-91.5167
-29.9531,-71.3433
40.9778,27.5153
15.6833,77.7833
46.2017,6.1469
40.8521,-73.3823
16.7117,81.1031
37.9881,-87.5341
32.8744,59.2161
14.58,121.012
7.0667,-73.85
10.6,-66.9331
-3.9833,-79.2
30.1592,72.6817
-12.8939,-38.3269
24.48,86.7
0.9188,104.4554
21.1189,105.9611
38.4109,-82.4345
22.057,78.9396
17.4865,78.317
41.5582,-73.0361
25.3898,85.9191
25.6967,32.6444
-18.4778,-70.3181
33.156,-96.8216
18.3333,105.9
43.8667,-79.4333
50.4,4.4333
41.4409,-82.184
35.4681,133.0486
38.8333,-9.1667
24.9439,121.2161
51.4036,21.1567
54.8833,69.1667
-22.4108,-47.5608
10.5971,14.3157
-7.1667,-78.5167
31.5286,35.0969
19.8,85.8167
38.6,27.0667
42.2749,-85.5882
22.0667,88.0698
21.82,76.35
57.15,-2.11
-11.1067,-77.605
36.8403,-2.4681
35.7224,140.0999
15.48,78.48
15.5386,78.4613
6.8058,-58.1508
26.5,78.0
29.2484,-94.8913
35.5617,51.1617
39.3,16.25
9.98,122.82
35.8563,139.9029
-21.2089,-50.4328
10.25,105.9667
21.8478,106.7578
32.7522,12.7278
-33.1333,-64.35
18.55,75.0
34.9442,-81.9251
5.03,118.34
-7.63,111.5231
13.6731,-89.2406
34.4285,-119.7202
42.6633,21.1622
25.4175,51.5075
28.9044,78.4675
-4.555,39.1231
45.6503,13.7703
36.1783,-115.0487
53.0222,18.6111
-3.45,114.8333
9.3667,76.7667
2.5111,102.8139
28.78,76.13
33.696,-118.0018
-42.8806,147.325
34.4264,132.7433
-22.9189,-42.8189
32.6871,-97.0208
22.25,-97.8333
34.7833,135.4
35.7285,139.4774
40.4667,-3.3667
44.8015,10.328
38.887,-94.687
-9.9295,-76.2397
45.5417,10.2167
5.0333,-74.0
17.2473,80.1514
32.8833,-6.9167
33.2016,-96.667
22.7,88.45
37.2306,39.7653
23.2231,72.65
50.0333,22.0
43.88,11.0983
31.5599,-97.1882
9.5597,-69.2019
16.6878,98.5083
6.5,124.85
-29.9,-71.25
6.8494,79.9236
50.6397,5.5706
39.6401,-77.7217
34.882,136.5842
24.1,88.25
-0.6133,30.6583
22.82,70.83
46.9667,142.7333
18.8167,-98.95
37.0078,127.2797
34.1819,-118.2468
21.0178,-101.2567
35.6836,139.5595
32.0167,34.7667
7.894,-67.473
22.6761,120.4942
52.5661,-0.2364
14.08,121.15
43.5844,-116.5638
21.6,78.52
32.0833,34.8333
50.2833,19.1333
38.7333,41.4911
25.93,80.8
36.1474,139.3886
-34.9211,-57.9544
-6.7303,147.0008
32.3394,-6.3608
14.6333,-89.9833
9.0436,-69.7489
-10.855,-37.0592
-1.2969,-47.9219
51.3727,-0.1099
-32.035,-52.0986
0.5333,123.0667
1.6139,-75.6128
-21.4536,47.0858
22.3456,114.1
34.1781,131.4739
7.6333,4.1833
26.2236,81.2403
-32.9167,-68.8333
18.6333,-91.8333
10.5388,122.8384
20.42,72.85
41.9662,-91.6783
19.0522,-104.3158
8.1564,125.1333
45.0,41.1167
45.6366,-122.5967
-34.7,-58.5833
40.3281,-3.7644
35.6713,139.3951
25.98,79.47
58.05,38.8333
32.9425,73.7256
16.7488,78.0035
53.8833,86.7167
19.76,-72.2
-22.2819,-42.5311
52.0333,47.7833
51.3667,7.4833
36.0872,-115.1355
20.5333,-97.45
28.7111,77.2688
17.3198,78.4031
-32.85,-68.8167
35.25,139.15
34.9587,137.0803
43.3214,-1.9856
40.2833,-3.8
6.75,125.35
19.3,-70.25
40.4711,17.2431
-3.4328,104.2356
34.4667,135.3667
-20.2167,-70.15
32.1697,13.0167
46.9061,19.6897
35.0956,138.8634
23.0851,72.5716
50.72,-1.88
21.05,75.77
35.5,134.2333
-29.9897,-51.0833
37.1479,138.2361
17.55,-99.5
35.6621,138.5682
12.07,124.6
39.8417,33.5139
43.3167,-79.8
50.8742,20.6333
29.178,-82.1511
-14.7858,-39.28
35.6772,10.1008
-26.8667,26.6667
-7.6406,112.9065
27.575,81.594
51.58,0.49
40.3047,-3.7311
-20.8489,-41.1128
52.4,13.0667
47.4817,-52.7971
42.1167,-80.0733
22.6986,73.1156
40.1411,94.6639
35.5811,53.3833
23.9231,90.7122
37.1051,-76.5185
50.05,72.95
44.7725,17.1925
8.8633,76.6972
39.4337,-77.4141
35.849,-86.4121
-23.5411,-46.3689
40.7347,31.6075
26.0906,43.9875
13.9125,100.4978
38.65,-9.1
-6.8435,107.4779
44.6469,10.9256
51.5889,4.7758
34.8268,137.3759
25.62,88.12
16.7367,-92.6383
11.033,106.367
43.6525,51.1575
-22.7544,-47.4142
31.8186,75.2028
43.3208,21.8958
47.0722,21.9211
-3.7857,119.6522
26.1412,-80.1464
-26.4833,-49.0667
29.5333,75.0167
21.318,78.0095
55.3958,10.3886
-22.2758,166.458
25.6225,85.0417
12.9742,124.0058
-25.3833,-51.45
12.831,80.0459
-33.8833,25.5
49.2333,7.0
10.0735,78.7732
22.75,88.34
53.7167,91.4667
41.5503,-8.42
6.5833,3.9833
41.7638,-88.2902
49.8881,-119.4956
49.7475,13.3775
23.6,72.95
35.6942,139.4197
33.3881,-111.9319
8.1,-76.7333
-29.4125,-66.8542
24.65,77.32
51.6667,7.8167
24.88,85.53
28.405,-106.8667
44.9411,26.0225
-34.7167,-58.25
5.1833,7.7167
6.2,-1.6833
43.1258,5.9306
25.73,82.68
41.6769,26.5556
-38.15,144.35
18.083,73.417
13.55,78.5
41.4015,-73.4709
-3.0,120.2
-6.8961,109.4514
37.6,127.15
-7.8925,112.6658
3.0167,-76.4833
17.7736,79.575
23.296,70.343
25.43,77.65
2.97,99.8
27.7667,85.3667
34.8844,135.7997
4.9767,8.3383
49.2628,4.0347
4.8333,-75.6833
11.5894,122.7511
35.1833,128.55
-6.5533,107.4472
17.688,74.006
19.6833,-99.1833
28.4798,-82.53
38.1619,27.3583
-14.7889,-39.0489
4.48,97.9633
35.2494,-81.1854
-1.0333,-79.45
3.3194,99.1522
51.8475,5.8625
26.55,80.49
27.57,80.66
-33.5833,-70.6333
-1.2417,-78.6197
38.6803,-9.1583
-1.6731,-78.6483
19.2333,73.1333
21.9833,-99.0167
38.2992,-77.4872
51.272,0.529
32.4767,-114.7625
-37.7833,175.2833
31.9167,35.95
-6.82,107.1408
34.0393,-117.6064
21.7647,80.0494
39.9831,-0.0331
30.699,76.693
25.3694,85.5319
38.4161,-121.3842
55.8217,37.3386
-33.5667,-70.675
34.2902,-83.8294
19.2833,-98.4333
23.42,88.37
-7.3247,110.5444
38.7333,-9.2333
41.3133,19.4458
19.4167,-98.9
35.1667,76.3333
37.0378,27.4242
24.9167,121.15
28.6267,79.8058
35.6804,140.0265
35.7819,-78.8195
-6.3711,106.8
34.1247,-117.5667
-5.0939,-42.8369
42.35,-3.7067
16.043,120.334
49.4811,8.4353
21.2667,106.2
9.49,76.33
7.8956,4.7094
50.2833,18.6667
28.7,-100.5231
9.0804,6.01
35.7167,140.2167
-19.25,146.8167
33.2247,-117.3083
11.75,79.75
38.25,21.7333
47.5547,7.5906
34.8828,-1.3167
15.07,120.72
21.958,70.795
32.8606,51.5531
53.1667,48.4667
24.6561,84.4356
38.9956,-1.8558
38.9239,27.84
42.4414,19.2628
45.4,-71.9
35.3197,139.5525
20.95,107.0667
53.1439,8.2139
24.82,92.8
15.8246,80.3521
15.4167,75.6167
43.4628,-3.805
45.4347,4.3903
36.5991,140.6515
6.22,125.07
-1.4,36.77
-17.4042,-66.0408
51.4275,6.8825
21.35,-101.9167
14.1389,-16.0764
17.912,77.52
53.1333,26.0167
15.1458,120.9783
24.9575,121.2989
30.62,74.25
35.3669,132.7547
31.2725,34.2586
38.6833,-9.3167
40.35,-3.8333
33.7787,-117.9601
-26.1,28.2333
47.5167,42.15
34.6935,-118.1753
32.03,44.4
-7.1908,-48.2069
-5.1167,105.3
20.95,72.93
9.7897,125.4958
39.0311,43.3597
38.1114,15.6619
7.7333,8.5
11.5481,107.8075
43.8,131.9667
33.7341,-116.9969
17.6461,95.4603
14.2978,-90.7869
4.3452,-74.3618
53.7778,20.4792
42.6333,141.6
20.61,72.926
23.8494,57.4386
15.3249,120.6554
-33.3,-66.3333
-22.5439,-44.1708
30.1995,-85.6003
35.6539,139.9022
-41.4667,-72.9333
44.7,10.6333
38.1125,-122.2342
31.8667,36.0
22.424,87.319
38.6833,35.5667
35.6667,139.7667
42.9848,-71.4447
41.6458,41.6417
49.8225,19.0444
18.5036,-88.3053
56.4,61.9333
34.83,137.0697
42.3372,-122.854
23.8331,79.4419
-27.65,27.2333
-23.35,43.6667
18.3794,-66.1635
14.954,120.901
31.53,75.92
11.6088,79.4994
36.0667,4.7667
34.7821,-82.3032
37.1819,33.2181
6.7991,79.8767
-23.2817,-46.7425
51.5575,0.0858
41.15,-8.5333
47.4222,40.0939
-16.4333,-39.0833
24.9004,89.95
11.5442,-72.9069
36.9789,-122.0346
40.6031,140.4638
14.4833,-90.5333
20.885,76.2
36.3146,139.8002
29.3167,76.3167
-23.0067,-44.3181
52.2833,8.05
-23.7172,-46.8494
22.9167,96.5
36.6514,29.1231
-23.2642,-47.2992
55.1667,59.6667
41.5495,-72.0882
22.87,88.38
43.2281,-86.2562
41.2889,28.0042
-19.3894,-40.0678
-2.5333,112.95
59.8581,17.6447
15.6279,77.2749
15.6244,77.2731
17.6133,121.7303
37.925,41.9458
44.4264,84.9032
8.147,4.72
0.8303,-77.6444
49.49,0.1
46.49,-81.01
6.6806,80.4022
35.7935,139.5653
36.7541,137.0257
51.0333,6.9833
42.9833,144.3833
34.7179,137.8515
42.9167,143.2
-23.7,-46.55
-6.4086,106.7647
53.39,-2.59
13.3389,74.7451
26.773,82.146
53.2833,69.3833
36.7833,31.4333
35.9333,36.6333
26.0,76.35
-27.8158,-50.3258
16.239,80.645
22.1456,-80.4364
53.0167,158.65
35.991,-79.9937
33.2348,-87.5268
12.8185,79.6947
35.3667,139.2167
-36.6,-72.1167
29.1322,48.1261
26.3519,86.0719
51.9833,5.9167
14.75,78.55
-5.4667,122.633
19.2833,-98.4333
5.5333,-73.3667
-22.4119,-42.9658
-21.7878,-46.5608
28.6981,77.0689
36.3276,-119.3269
20.372,72.917
36.4686,2.8319
33.5606,35.3758
40.3139,36.5542
-0.4569,39.6583
37.8947,127.2002
31.802,74.255
-34.45,-58.5667
38.5,27.7
40.1158,67.8422
-7.1381,110.405
53.645,-1.7798
33.9517,131.2467
37.9125,28.3206
48.0809,-122.1561
40.7172,29.8228
52.3833,4.6333
18.1,-96.1167
-4.9,-80.6833
18.4483,-95.2122
49.4167,8.7167
49.8722,8.6528
-2.905,-41.7769
0.3533,32.7553
22.7772,73.6203
13.97,121.53
21.77,78.25
43.1122,12.3889
35.1667,-2.9333
40.6337,-3.1674
5.6667,-0.0167
44.85,20.4
38.4811,28.1392
-1.8667,-79.9833
9.4204,77.58
22.91,92.76
0.1333,117.5
20.4478,-97.32
20.0833,-98.3667
11.272,107.4367
14.32,120.77
-39.0333,-67.5833
27.2578,33.8117
7.0083,125.0894
13.216,79.098
-22.9531,-46.5422
51.1667,7.0833
37.3057,-120.4779
-22.9239,-45.4617
37.6328,-122.0766
43.51,16.44
40.3991,-86.8593
30.381,67.727
7.0708,-73.1731
31.7194,131.0617
17.4831,106.5997
9.9333,106.35
51.55,0.71
29.3242,-100.9317
-34.8333,-58.5167
20.2539,105.975
38.8861,40.5017
14.55,44.4017
9.4533,77.8024
-12.0181,-76.8139
-33.3333,-60.2167
-40.5725,-73.1353
-2.1347,-79.5872
37.0289,35.8125
30.822,75.174
7.7389,4.4361
-12.1483,-44.9925
52.2225,6.8925
39.7709,-89.654
51.5886,-2.9978
47.3167,5.0167
9.35,42.8
-18.5817,-46.5147
28.05,79.12
32.07,34.8236
22.67,88.35
-28.4667,-65.7833
28.4853,-16.3167
24.03,84.07
-13.863,-40.0843
-26.1883,28.3206
17.7667,-92.6
38.1464,114.5708
34.5779,136.5276
55.7125,21.135
35.3594,136.6129
33.8616,-117.5649
50.3025,18.7781
21.712,72.993
17.1489,121.8894
-1.7178,-48.8828
41.45,-8.3
0.3627,-78.1307
40.9147,-74.1624
31.15,72.6833
38.8185,-77.0861
-22.4667,-68.9333
-34.5333,-58.7167
51.6833,5.3
45.1715,5.7224
52.15,5.3833
39.7464,39.4914
49.0167,12.0833
-33.9667,22.45
51.55,7.2167
-8.46,118.7267
32.5797,73.4814
10.7,105.1167
64.5667,39.8667
47.4736,-0.5542
-23.5917,-48.0531
-4.8589,-43.3558
45.7667,4.8803
32.2222,35.2611
52.4333,4.8167
27.9183,-110.8933
51.6522,-0.0808
-0.25,35.7333
32.8065,-83.6974
25.88,86.6
-22.5269,-41.945
42.1014,-75.9093
36.5167,-4.8833
39.6977,-105.1172
15.3372,120.59
54.9,52.3
23.53,77.82
32.2668,75.6
26.3504,92.6796
44.4161,12.2017
32.5589,36.0147
-6.2667,106.4667
0.9667,-79.6528
39.1235,-94.7443
34.8892,135.4167
14.87,120.95
-8.0219,-34.9808
31.8801,-102.3448
47.8,13.045
29.9667,76.8167
26.57,74.87
37.3448,126.9683
37.5167,127.2
51.7181,8.7542
45.2692,27.9575
44.3711,-79.6769
37.3836,-122.0255
39.5922,27.02
28.98,79.4
25.4833,80.3333
40.35,27.9667
17.05,79.27
36.3967,140.5347
51.2,6.7
35.95,139.8667
-23.4439,-46.9178
23.12,83.2
27.48,95.0
-8.1167,115.0833
33.2497,126.56
41.6697,-70.9428
20.9159,70.3629
-22.3719,-46.9419
49.05,-122.3167
39.1456,34.1608
36.3813,139.7303
21.905,77.902
36.5592,128.7289
25.22,88.76
50.3483,18.9156
12.3528,121.0676
26.75,94.22
10.42,123.97
19.5689,-99.7669
53.3667,55.9333
34.9893,137.0021
38.6264,34.7139
23.4,88.5
11.7011,9.3419
-32.9167,151.75
36.4019,138.2491
43.5519,10.3083
21.31,105.5967
22.76,88.37
26.0293,-80.1679
-22.2281,-45.9336
13.3028,-87.1833
11.2831,106.1297
-12.1358,-38.4189
14.4833,-90.6167
34.9333,127.6833
42.4614,-83.6526
34.0667,133.0
34.8333,135.4167
51.75,-1.25
36.6056,34.3111
14.2467,32.9861
23.25,88.43
13.83,77.49
-25.4167,-49.25
52.0594,1.1556
26.1,74.32
28.7354,77.1638
24.362,56.7344
-37.6833,176.1667
55.0,60.1
11.3409,77.7171
33.1348,-117.0723
30.201,-93.2111
10.245,123.7964
14.9333,-91.1167
14.81,108.96
15.8037,120.9991
-27.3664,-70.3331
39.7464,39.4914
39.7464,39.4914
39.7464,39.4914
32.0414,74.26
44.0101,20.9172
29.6575,-95.1498
47.5951,-122.1535
42.465,-2.4456
28.1931,-105.4717
-36.7167,-73.1219
-24.7139,-53.7428
35.7546,139.4685
28.6833,77.0667
41.5188,-88.1499
36.0621,139.6668
38.8803,-6.9753
40.1142,-88.2737
20.3928,-101.1914
11.5169,106.8392
-39.8139,-73.2458
39.7953,32.8028
34.447,35.8178
33.8936,35.5403
7.0667,6.2667
24.75,121.75
48.9481,38.4933
41.55,60.6333
12.108,-68.935
18.7167,-68.45
21.29,86.69
20.4311,-101.7222
14.43,120.48
34.0585,-117.7626
19.25,-103.7333
46.8,-71.1833
38.2583,-122.0335
6.1833,6.7333
45.3619,36.4711
-31.4,-58.0333
32.7602,-96.5865
22.9333,97.75
41.6916,-85.9627
51.5836,-0.3464
44.0594,12.5683
-20.1644,57.5042
39.7186,43.0508
41.748,-88.1659
35.7177,139.5661
41.3764,33.7764
38.7703,-121.3196
32.3325,35.7517
46.8489,35.3675
-26.715,27.1033
49.2839,-122.7919
16.7881,80.8465
16.68,121.55
39.6417,22.4167
41.1404,-74.1072
35.853,139.4122
29.5319,35.0056
56.462,-2.9707
28.93,79.7
39.0346,-95.6955
39.2278,9.1111
43.8383,4.3597
41.4056,27.3569
10.4,123.95
-33.05,-71.45
-34.7167,-58.6167
43.3378,52.8553
-9.3533,28.7403
47.2351,16.6219
35.291,136.9121
-1.1667,36.8167
13.3622,103.8597
55.6,37.7333
25.6925,85.2084
25.785,-100.0511
55.1,61.6167
6.9483,126.2272
43.5263,5.4454
37.3167,27.7833
36.076,-79.4685
45.7831,3.0824
35.6369,139.4463
22.8847,113.455
22.83,88.63
35.4333,133.3333
48.7392,37.5839
-4.0167,103.25
19.2433,-103.7247
14.0833,98.2
32.5961,-83.6527
-16.92,145.78
18.99,75.76
-34.8167,-58.2833
55.6667,37.2667
52.519,-1.995
40.7539,29.8231
-33.2017,-70.6703
13.9833,108.0
21.6006,71.2164
28.0444,76.1056
62.2417,25.7417
14.23,76.4
44.05,43.0667
13.414,121.18
13.414,121.18
-23.3286,-46.7244
-2.5319,-44.1078
33.6815,-112.4515
51.8667,-2.25
33.8346,-118.3416
37.5128,34.0483
41.4642,15.5461
35.8358,139.3911
30.1334,74.2001
22.4883,90.0733
-17.5403,-39.7437
4.8167,-74.3667
46.175,21.3125
34.8674,138.2577
48.0077,0.1984
2.9833,99.6125
29.8015,76.3998
15.1493,120.7692
50.7167,-1.9833
14.4522,-87.6383
34.7469,111.875
48.4167,-71.0667
15.9761,120.5711
19.1056,-96.1078
38.7903,-9.1797
-10.7541,-77.761
21.5033,86.925
43.55,-80.25
55.0833,38.7833
-6.3333,106.7833
-29.8167,30.85
40.965,-5.6642
35.7972,139.5939
9.4461,76.6567
34.9333,-120.4431
35.3988,136.8484
57.05,9.9167
24.18,86.3
21.8481,-78.7631
40.2028,-8.4139
43.8231,25.9539
25.5822,91.8944
33.9508,-83.3689
29.58,-90.7059
37.332,42.187
15.92,120.42
41.6167,0.6333
-37.4667,-72.35
28.1833,76.6167
53.393,-3.014
-4.55,136.89
4.7,-75.9167
36.3402,139.4497
42.4256,25.6344
52.6766,-2.4469
42.8167,132.8667
38.9472,-92.3268
37.25,-6.95
-8.8903,-36.4928
23.98,85.35
-16.6492,-49.495
37.01,37.7972
24.6,88.2667
35.8176,139.6779
33.8841,-117.9279
41.5722,35.9147
16.543,81.523
7.2111,79.8386
38.8833,-94.82
26.3342,127.8056
18.4539,-69.6064
29.9928,73.2536
35.8301,139.8723
34.7375,135.5642
53.83,-2.735
39.9197,-104.9438
53.96,-1.08
24.03,75.08
46.5198,6.6335
14.8,120.93
20.8139,-102.7639
38.2014,37.1883
59.4167,56.7833
44.8606,24.8678
43.25,46.5833
9.4669,12.0328
41.0247,40.5222
-6.5714,107.7614
11.9401,79.4861
48.7631,11.425
40.4152,-104.7706
13.35,123.73
36.1975,139.2815
30.0849,-94.1451
32.3265,-106.7893
15.0719,120.5419
13.7333,-89.2167
-26.1,27.7667
54.5767,-1.2355
-25.5208,-48.5094
34.1983,43.8742
18.345,-99.5383
8.15,123.85
10.0753,-69.1283
32.0243,-102.1147
10.9602,79.3845
29.9977,-90.178
1.8522,102.9372
38.0167,23.6833
-12.4381,130.8411
64.1467,-21.94
20.9344,-89.5578
14.7099,121.0997
20.67,86.64
48.39,-4.49
51.5167,81.2
15.0444,-91.4083
-22.8858,-48.445
36.1333,128.1
14.4972,121.2864
53.8142,-3.0503
18.4054,-65.9792
46.35,-72.55
-26.9953,-48.6356
44.6,40.0833
37.2836,-5.9222
52.2167,5.9667
40.6886,-112.0123
38.4176,141.3027
41.1992,36.7275
35.0667,136.6833
33.8038,-117.8218
42.4934,-83.027
43.8833,-78.9417
43.3972,-80.3114
13.1333,78.1333
39.0877,-108.5673
-6.0989,106.6381
41.1175,1.2528
36.1782,139.7554
8.5872,123.3408
36.0667,140.2
32.3184,-95.3062
18.2353,-72.5367
18.3,83.9
-17.3422,-63.2558
34.055,131.8061
13.9311,121.4233
41.0736,28.2478
-31.58,28.79
38.3214,27.1275
-27.0949,-48.9148
47.3936,0.6892
39.9208,44.0444
56.3683,41.3108
1.2833,97.6167
34.1597,-118.139
-17.8578,-41.505
16.46,120.59
23.25,87.07
12.52,76.9
-27.6444,-48.6678
58.6,16.2
35.0167,135.9667
18.0667,-93.1667
24.91,84.18
-23.1172,-46.5506
5.6833,-0.1667
53.4083,-2.1494
45.3333,-75.9
-6.3667,106.25
34.8269,135.4706
-34.9833,-71.2333
8.8333,3.75
8.82,125.1
20.5411,105.9139
35.5217,46.1806
15.3147,-91.4761
33.2667,-7.5833
-34.6833,-58.55
27.23,79.02
14.07,120.63
40.4757,-88.9703
-21.5517,-45.43
10.12,123.63
-25.4589,-49.5278
23.0614,-109.7081
-29.9508,-51.0939
19.2833,-99.7333
-6.9081,109.7304
46.5833,26.9167
34.8669,138.3247
11.5867,78.7583
35.376,139.9168
40.0528,47.4614
27.0,84.8667
24.2501,72.1822
40.6658,-74.1913
35.4464,139.3908
14.974,120.528
-3.4283,29.925
6.1535,-75.3743
41.1039,-73.5585
32.5995,-114.5491
21.8974,83.395
40.6556,29.275
41.2333,-8.6167
-34.6667,-58.6667
11.3678,106.1189
47.3887,-122.2128
25.9773,-80.3351
26.22,84.36
-34.9,-54.95
7.507,4.4447
31.0339,61.4878
35.2647,136.7969
-23.62,-45.4128
18.82,95.2156
37.2486,42.4703
33.3611,6.8606
49.6356,100.1556
46.9481,7.4475
47.704,-116.7936
31.6667,34.5667
34.8333,135.4667
-23.2008,-47.2869
45.7928,24.1519
50.8208,-0.1375
-8.1264,-35.3075
9.3103,123.3081
53.424,-2.322
17.7547,106.4231
-7.2729,112.7493
13.1619,123.6939
47.093,17.9138
41.4,-8.5167
26.2702,-80.2591
50.2628,18.8536
50.0833,18.55
24.9778,32.8733
27.7592,85.3283
42.5809,-83.0305
23.246,72.496
14.5739,121.0039
49.892,2.299
-33.4,-70.7167
-22.2958,-48.5578
18.4667,94.3667
14.83,120.73
13.012,76.068
4.4667,101.05
24.69,78.41
-33.3833,-70.675
-29.7178,-52.4258
10.9458,106.8775
59.8601,17.64
39.1357,-121.6383
-7.2339,-39.4089
4.1753,73.5089
40.2372,-3.7742
43.5083,-79.8833
24.2011,90.4843
21.4598,80.195
50.8675,4.3736
49.6117,6.1319
31.8969,34.8167
10.4929,123.4095
-18.7158,-39.8589
28.6004,77.3194
38.2311,27.9719
23.1333,-82.3833
32.85,130.0667
46.5923,-120.5496
15.5839,120.9189
41.5436,45.0117
32.989,-96.8999
-8.1,112.15
42.7274,-87.8135
41.1986,32.6264
28.1447,77.3255
35.788,139.2758
36.3406,-82.3806
45.916,6.133
-17.5334,-149.5667
-23.8953,-46.4256
-20.66,-43.7858
-10.8853,-61.9517
45.7891,-108.5526
49.4667,11.0
-3.4939,-39.5789
17.9959,-76.9551
22.3094,114.2361
10.775,76.651
47.1167,51.8833
-22.3572,-47.3844
22.8333,91.1
37.8597,27.2597
40.4667,19.4833
5.6922,-76.6581
35.4833,139.4
10.6129,76.8508
41.6559,-91.5303
9.1397,99.3306
35.7767,140.3183
22.4806,103.975
-14.8292,-64.9014
47.2683,11.3933
37.45,35.8
14.5234,121.1536
10.8,122.97
22.556,72.951
22.17,71.67
35.8667,140.0333
17.4167,102.75
53.2283,-0.5389
-7.4722,112.4336
39.161,-75.5202
34.4167,133.2
29.9985,101.9569
-23.5508,-51.4608
3.2667,-76.55
38.2692,39.7617
-23.9,29.45
13.1,103.2
45.0167,78.3667
21.1333,-98.4167
26.4769,90.5583
48.7548,-122.469
31.95,75.62
52.5167,6.1
4.305,-74.8017
-19.6919,-43.9228
45.8353,1.2625
38.3484,-81.6322
36.8833,10.25
-22.8728,-42.3428
40.8,29.4167
29.58,74.32
21.7542,70.6222
12.9047,79.3238
35.7109,139.4622
43.0117,-78.757
22.9456,88.4332
-4.0167,119.6236
11.0069,-74.25
-19.8858,-43.8069
44.8333,11.6167
51.5975,-0.0681
-11.2,28.8833
14.5,-90.5667
41.5333,2.45
19.0633,-98.3064
15.2742,120.5669
3.9,-76.3019
36.8428,36.2244
48.4,9.9833
-1.0628,-46.7728
14.97,120.63
37.4003,-79.1909
32.0167,34.75
43.9167,42.7167
38.5771,140.9556
7.53,125.62
59.6161,16.5528
-15.8433,-70.0236
22.7475,77.7274
34.8333,0.15
13.846,121.206
49.15,9.2167
23.63,86.17
19.0886,-102.3508
6.1833,116.2333
52.9667,63.1333
30.7,76.22
37.3646,-121.968
30.0419,72.3528
4.7078,-74.2328
22.6228,113.2917
-7.2167,107.9
-23.5469,-47.4378
8.4756,6.9433
38.2028,44.7669
55.44,37.7619
48.895,8.705
49.7833,9.9333
16.8892,42.5611
35.2335,-97.3471
15.6606,120.765
35.5943,-77.376
34.2663,-118.749
41.4672,12.9036
-5.1456,-79.0017
34.1664,132.2189
23.4564,75.4131
29.0994,58.3436
50.6667,17.9333
14.45,-11.4333
6.0833,-0.25
35.2236,137.0842
35.2221,138.6216
35.6995,139.503
40.6806,14.7594
40.4614,-3.4978
25.7781,88.8975
21.332,95.0866
39.75,-8.8
-21.1381,-47.9906
27.42,80.12
-25.3935,-57.5443
41.3833,19.7667
14.5998,120.9802
41.1272,37.2881
48.3647,134.3079
19.4739,-70.6727
43.8583,-79.0364
-1.5058,-48.6258
59.2739,15.2075
35.3495,-94.3695
-23.5278,-46.9028
32.4543,-99.7384
14.604,121.03
-22.9706,-46.9958
-3.2028,-52.2058
15.17,77.38
33.65,130.6833
22.6197,75.6933
40.7333,29.9667
52.4231,10.7872
54.9167,37.4
40.9153,38.3894
16.62,120.32
55.9167,38.0
-0.2333,100.6333
23.85,72.125
18.95,-70.41
-21.2167,-43.7667
11.9136,109.1369
52.0667,4.5
22.6572,88.8942
-22.4689,-44.4469
-33.0422,-71.3733
39.5842,32.1472
33.0454,-96.9815
58.1472,7.9972
22.9469,88.4184
-7.4667,110.2167
30.168,77.301
50.1236,18.9867
-31.3833,-57.95
54.0833,38.2167
-6.5742,106.632
-20.65,-40.5
52.1153,26.1031
30.13,75.8
22.71,88.35
21.85,84.03
53.2,5.7833
29.5581,-95.3218
26.612,-81.6388
55.7333,24.35
33.15,73.7333
36.9167,31.1
4.85,-74.05
42.5865,-87.8773
36.2039,127.0847
15.22,120.67
50.7256,-3.5269
52.16,4.49
37.3697,36.1
16.55,104.75
42.8803,47.6383
9.25,-74.7667
52.2053,0.1192
31.7406,130.7631
11.3778,-72.2389
42.05,48.3
40.9333,14.2
56.9167,59.9333
36.1275,-5.4539
14.28,121.42
41.0167,39.55
36.6224,-121.8199
-53.1667,-70.9333
-4.2758,-55.9839
44.4876,-73.2316
20.307,74.657
18.85,-97.1
-29.1708,-51.5189
32.5,130.6
39.832,-105.151
17.5047,78.5038
15.3122,120.9489
-3.6333,39.85
22.7736,-102.5736
51.5768,0.1801
25.92,93.73
39.2358,42.8686
-6.7415,111.0347
37.7803,38.6217
23.9611,120.5736
9.37,122.8
25.6667,-100.3
19.6917,-100.5536
30.5942,50.2433
-23.0058,-46.8389
-20.5569,-48.5678
34.4833,136.7167
13.4692,144.7332
-6.3528,108.3242
44.2167,42.05
15.5667,108.4833
26.3792,127.8575
38.6085,-76.9194
41.2792,31.4208
39.0871,-94.3501
21.0545,86.5156
42.6056,-5.57
40.7894,43.8475
44.0154,-92.478
51.8917,0.903
45.5836,9.2736
9.8433,78.4809
15.8833,108.3333
41.7399,-111.8422
23.602,89.833
-26.2547,28.4428
34.5167,135.8
62.8925,27.6783
-26.2672,28.1219
-34.7667,-58.3833
26.1916,-97.6977
43.4667,-80.5167
51.7958,4.6783
37.8722,-122.276
38.7272,139.8267
20.8133,105.3383
39.5472,44.0833
-28.45,21.25
36.085,35.9806
11.4292,106.6572
23.34,86.36
17.4069,121.4425
36.4975,36.3608
40.725,8.5586
25.58,83.57
34.8333,128.4167
7.8833,-76.6333
21.0356,106.7644
27.0813,-109.4461
50.8333,4.3333
49.1203,6.1778
17.5944,-99.1778
14.7,-91.8667
27.0992,84.09
12.9476,78.87
21.0833,71.8
40.725,19.5572
36.8278,-119.683
0.7333,124.3167
32.0333,75.4
18.0678,106.2967
30.527,-97.6642
41.5167,-8.6167
38.2701,-104.6114
-34.65,-58.5667
51.6287,-0.7482
40.4317,29.1561
31.1068,-97.3891
37.7508,27.4103
20.18,85.62
13.7167,-89.1667
14.3854,121.029
7.2964,80.635
13.5441,100.6175
54.9556,-1.6
5.8625,7.9486
15.8246,80.3521
24.346,93.7
12.9931,109.3314
52.7333,15.25
45.7,-73.6333
-6.9878,106.5439
13.1007,77.5963
43.6116,-116.3977
-3.2236,40.13
-25.325,-49.31
43.1,141.5333
48.8352,2.2409
46.1328,-64.7714
37.569,44.283
42.6986,2.8956
43.4078,24.6203
23.1333,91.4333
45.695,9.67
15.0933,120.8283
-33.9,18.6
19.8333,-98.9833
35.7483,50.9025
36.3761,33.9322
47.24,6.02
-23.4189,-51.4239
51.5084,-0.5881
-21.2886,-50.34
14.9108,-91.3606
51.5339,9.9356
-9.5333,-77.5333
34.7167,135.6167
27.0375,88.2631
-25.4419,-49.0628
37.8467,40.6661
0.05,34.725
42.4639,14.2142
22.3375,-97.8694
46.7756,-92.1393
51.2089,3.2242
14.92,120.77
27.7,83.466
-16.7594,-49.0864
30.1738,-95.5134
13.313,75.737
25.533,-103.25
34.7333,135.5833
55.8,38.9667
39.13,117.0142
11.987,105.462
6.4108,125.6144
37.9667,34.6792
16.43,80.99
60.9833,25.65
51.5247,6.9228
7.84,4.486
13.22,123.52
40.0248,-105.2524
32.9716,-96.7093
46.0667,11.1167
53.748,-2.482
42.3759,-71.1185
31.22,75.77
-31.3308,-54.1069
37.4948,139.9298
34.5833,135.55
-18.6489,-48.1869
10.3833,78.8001
48.484,-123.381
32.5822,131.665
-8.2186,114.3669
48.4833,9.2167
34.8919,136.9381
36.8931,126.6281
7.19,124.53
29.8554,-93.9264
27.9183,-110.8989
34.0326,-118.1691
-29.755,-57.0878
19.6667,78.5333
40.5698,-122.365
14.9496,120.7587
-23.7658,-53.325
40.5333,-3.6333
27.979,-82.7623
50.3214,19.1872
32.5185,-92.0774
41.3333,27.9667
21.94,86.72
-7.0372,107.5167
36.0659,139.5222
7.05,125.73
43.0962,-75.2261
44.6333,41.9333
-23.3556,-47.8569
45.534,-94.1718
30.3751,-90.0904
14.6622,-90.8208
47.9025,1.909
-33.5333,-70.625
49.5833,11.0167
20.24,78.06
22.74,88.37
34.7,135.7
35.758,139.5299
30.37,75.54
51.9,-2.0667
44.2333,12.05
24.88,74.63
40.6024,-112.0008
18.9089,-103.8747
16.236,80.0498
37.0692,15.2875
10.1,122.87
8.2333,-73.35
-37.5608,143.8475
26.8167,87.2833
40.8663,-73.2164
41.0306,37.5
18.85,-99.2333
5.0292,119.7731
55.5667,38.2167
33.45,129.9667
35.3833,136.2833
46.5456,24.5625
5.7167,-72.9208
22.2869,113.9436
51.7167,94.45
33.2847,131.4914
26.2458,127.7219
-5.7928,-35.3289
6.9108,79.8878
-21.1378,-48.9728
-23.2114,-46.8283
32.9067,-80.0722
15.0789,120.9419
58.4158,15.6253
-15.5369,-47.3339
-7.215,107.8856
37.9477,-122.3389
36.9617,140.0461
37.075,41.2153
-23.7153,-46.4194
59.8833,10.5167
39.8837,-105.0624
53.55,8.5833
48.6239,22.295
43.4199,-83.9501
43.8031,143.8947
9.1744,77.8688
29.37,78.13
51.73,0.48
-42.7667,-65.05
50.3597,7.5978
20.5397,-100.4414
21.392,-157.7396
42.6833,26.3333
54.1667,19.4
-7.8342,-34.9064
-32.8833,-68.8167
22.5667,58.1167
55.0931,36.6106
19.7,-103.4667
19.9617,-97.2108
33.9667,133.2833
27.9367,-82.3
40.65,35.8331
18.0127,-66.6212
-7.5733,108.8833
36.3145,139.5783
22.62,88.42
28.2,-105.5
33.1246,-117.2834
42.6389,-71.3217
34.3483,132.3317
44.7569,19.2161
52.55,19.7
27.4722,89.6361
36.8625,10.1956
13.4231,123.4122
57.7211,12.9403
-12.7839,-38.4039
14.8869,120.8569
-18.17,-47.9419
-4.455,-43.8858
37.3,127.6333
36.038,-95.7806
42.0383,-88.324
52.1333,4.6667
-1.5167,37.2667
49.4428,1.0886
13.826,121.396
3.1733,113.0433
48.1333,17.1167
34.7687,137.9984
48.9356,2.3539
54.4667,53.4667
-6.9764,108.4844
56.05,12.7167
4.2583,117.8944
-23.5286,-46.345
34.8,10.78
-16.3778,-39.58
45.5021,-122.4413
35.8795,139.5198
16.25,-92.1333
29.4874,-95.1087
14.83,120.88
37.4167,41.3697
-19.6189,-43.2269
-0.3056,100.3692
22.7188,89.0713
66.0833,76.6833
8.3675,124.8656
48.8533,37.625
36.7108,38.9478
35.2667,136.2667
16.07,120.4039
34.0514,131.5625
43.3436,17.8075
35.0231,136.9022
44.0333,42.85
33.9379,-118.1311
13.6964,123.06
-41.15,-71.3
-9.4,-38.225
36.1314,139.6018
57.7828,14.1606
50.9918,7.1303
14.02,121.58
51.1833,7.2
-34.7667,-58.4
20.72,83.48
20.7944,76.6944
39.1445,141.1391
35.1167,136.2
43.1833,141.0
-34.8167,-55.95
24.6572,68.8406
-0.6833,34.7667
42.4918,-92.3522
42.0681,19.5119
4.7344,-74.2683
46.3638,17.7823
21.11,82.1
49.7567,6.6414
30.484,76.594
35.0002,102.9103
-2.2333,-80.9
14.545,-91.0889
35.7057,139.3535
16.1817,75.6958
18.3194,76.0736
-33.7242,18.9558
-20.7189,-46.61
14.8769,120.2328
33.5719,-117.1909
37.7667,-3.7711
35.8566,139.5492
42.5209,-71.7717
32.5193,-94.7622
10.68,124.8
38.9347,141.1266
36.535,-6.2975
26.2428,-80.1312
-19.5389,-40.6308
35.2083,4.1739
44.0563,-121.3095
52.6333,4.75
51.585,7.1619
7.2534,80.4466
14.1142,122.9564
-19.9858,-43.8469
-19.5928,-46.9408
18.1978,120.5936
25.9433,-80.2426
17.1167,-92.2833
33.6667,-117.9135
-6.5167,107.9169
48.8611,2.4436
-33.6667,-65.4667
42.4959,-96.3901
14.6,121.0167
22.802,88.346
-8.0019,-35.0178
50.9272,11.5861
-9.9161,-63.0408
33.5333,130.4667
50.0833,45.4
6.8567,7.3958
21.37,74.25
26.068,83.184
44.5381,18.6761
50.4667,4.8667
15.7133,-88.5899
14.42,120.85
37.0046,-121.5854
35.0118,37.0525
-12.545,-55.7108
19.7072,-99.7867
13.9167,-89.85
1.6836,31.7222
30.4743,74.5166
20.0667,-97.05
34.2741,-119.2314
-28.75,31.9
35.9969,45.8853
53.61,-2.16
35.5667,126.85
36.5166,136.5656
33.4928,-117.1315
-28.4667,-49.0069
29.5935,-95.6358
33.0303,130.4458
39.7578,-121.8161
13.0975,-59.6167
53.392,-2.264
18.8714,79.4443
-13.7167,-76.2
14.5333,-91.6833
-34.7,-58.2833
52.563,-1.822
45.55,11.55
53.5231,-1.1339
47.4989,8.7286
34.7953,109.9378
53.43,-1.357
31.8314,70.9019
-34.8167,-58.4667
7.7306,125.1
8.3167,-73.6333
13.3233,121.3028
5.82,125.2
8.71,125.75
44.8197,-91.4948
50.5111,30.79
-33.0167,-58.5167
52.0117,4.3592
51.584,-0.021
59.7378,10.205
6.15,6.8333
35.7768,140.0008
6.68,124.67
14.1561,122.8294
34.8833,135.2333
19.7333,105.9
49.025,-122.8028
34.2833,133.8
23.2,77.08
55.5667,42.0333
39.1883,27.6089
10.73,122.97
22.7583,121.1444
23.07,88.82
55.9333,37.5
48.3822,-89.2461
14.902,120.849
35.1667,8.8333
47.6567,23.5719
34.5,135.6
10.4992,107.1675
34.0739,-118.0291
-25.877,29.201
18.789,73.343
42.3667,21.1667
21.5333,107.9667
43.4871,-112.0362
36.4083,136.4455
33.7353,75.1478
22.72,88.38
9.97,122.62
41.156,1.108
49.0847,-123.0586
42.3127,-83.213
-27.5667,151.95
22.07,81.68
39.1637,-86.5257
-20.25,-70.1167
34.55,135.6
47.7667,39.9167
7.7631,125.005
45.1939,33.3681
49.1814,-0.3636
34.0555,-117.9113
38.0833,23.7333
39.5736,-119.7161
40.3764,28.8833
49.2228,18.74
55.5972,38.1203
-18.4167,-49.2167
45.3272,14.4411
23.7075,120.5439
33.6273,-84.58
-34.6667,-58.6667
-31.5833,-68.5333
-7.5272,-46.0442
16.0167,120.2333
39.5926,-104.8673
28.47,77.51
26.2583,82.0722
14.995,-90.8075
14.43,120.9
7.0167,80.5833
35.1185,138.9186
27.1,78.6
50.7667,15.0667
51.2667,-1.0876
26.52,88.73
29.45,77.32
48.95,2.25
33.9366,-84.3703
10.0667,-2.5
-23.2758,-51.2778
21.2198,81.4575
10.66,107.7719
52.7833,6.9
40.536,-74.3697
55.7622,37.8567
-34.5667,-59.1
14.7094,121.1
63.2,75.45
49.0278,104.0444
33.9566,-118.3444
17.1415,79.6236
7.4167,81.8167
35.3328,137.1316
25.2928,60.6497
43.3667,132.2
45.5273,-122.936
39.2004,-76.859
51.1092,-0.1872
-4.9469,-47.505
36.7642,-2.6147
20.7417,78.6056
-27.7333,-64.25
11.78,124.88
14.6167,75.6167
34.1879,-118.3235
42.5619,12.6414
47.75,7.34
8.4364,99.9631
46.7556,36.7889
24.6832,120.9072
38.4278,27.4161
13.95,121.32
50.0125,20.9886
14.32,121.05
51.5397,0.1422
46.5,11.35
-8.4614,118.7469
40.77,47.0489
26.6,85.48
49.1642,-123.9364
21.327,103.9141
-22.8389,-42.1028
61.0,69.0
10.9061,106.7308
54.2,16.1833
11.9333,-85.95
-33.35,-70.5167
19.4686,-99.5933
36.4052,139.4973
-17.8808,-51.8306
32.8017,-116.9604
-27.6339,-52.2739
26.74,77.03
11.6742,10.1911
24.0555,73.8566
34.001,-117.4706
19.2847,-99.5119
-19.8667,-44.9833
-22.6431,-43.6533
-2.9958,-47.3528
15.43,76.53
11.6527,106.6093
56.0167,37.8333
33.1088,-96.6735
44.75,19.7
34.15,71.7333
32.6087,-85.4903
47.4784,-122.1918
27.43,83.42
52.05,29.25
41.3814,60.3611
51.4592,6.6197
56.2817,90.5039
-10.9169,-37.65
12.6697,123.8758
39.8208,34.8083
19.52,-98.88
47.5667,34.4
38.35,28.5167
42.7677,-86.0984
-3.89,-38.6858
27.0409,74.7273
-15.4528,-47.6139
25.67,76.7
-33.8833,-60.5667
9.65,123.85
18.5,-69.9833
26.9333,-105.6667
-21.245,-45.0
-19.5189,-42.6289
42.0821,-71.0242
52.6592,19.0681
43.1667,-80.25
18.9608,-99.5906
-25.5333,-54.6167
21.8167,105.2167
15.4833,-86.5833
56.315,38.1367
12.27,123.58
47.6,19.3667
25.7604,84.1471
50.7667,16.2833
35.2873,-106.6982
52.6167,38.4667
41.9844,2.8211
36.9764,38.4269
55.9333,23.3167
48.6936,6.1846
42.3364,-7.8633
50.3,18.95
20.1556,105.9181
14.68,120.53
37.5522,-122.3121
51.385,0.55
31.3831,130.8519
34.8217,135.4286
55.4,43.8167
-21.1306,-42.3664
53.725,-1.863
16.815,81.526
-22.9744,-49.8719
8.2386,122.9986
48.4333,-71.0667
22.97,88.4
20.05,-99.35
53.8956,25.2958
35.9115,140.0504
53.483,-2.2931
34.1175,-117.3892
13.7,-89.1167
47.6626,-117.2346
33.9167,133.1833
38.0375,-78.4855
9.4004,80.3999
-4.225,-44.78
33.6909,-117.1849
54.5092,30.4258
37.6862,-122.4685
-33.7667,25.4
53.5448,-2.6318
45.0478,9.7006
-3.1428,-58.4439
54.75,83.1
46.3167,44.2667
45.1531,26.8208
0.5575,31.395
-21.1736,27.5125
-41.2167,174.9167
40.5611,-74.2943
-21.12,-42.9428
51.4668,-0.375
25.44,75.64
39.1167,27.1833
33.5,130.5167
-7.0244,-37.28
-24.1806,-46.7828
-19.82,-40.2728
35.8333,140.15
-6.3589,-39.2989
-27.025,-48.6539
35.5,128.75
-12.9692,-39.2611
-36.75,144.2667
33.4489,-7.6486
15.6681,120.5789
16.5131,80.5165
10.7672,79.8449
-36.6167,-64.2833
25.5605,83.9805
51.5528,-0.2979
-23.3644,-46.7408
27.9833,-15.4167
10.9609,76.9738
35.7483,139.5675
10.12,123.27
53.4542,-2.7361
40.2144,29.1931
55.85,38.4333
22.75,72.68
50.8833,8.0167
26.63,92.8
33.9072,-98.5291
27.8227,-82.3023
45.0478,9.7006
31.53,76.88
51.9,8.3833
22.08,79.53
-1.3667,36.6333
13.6138,100.6104
40.0353,28.4117
35.2075,72.5456
24.7,84.35
33.9697,35.6156
-18.9667,-49.4667
23.6528,-100.6444
30.1083,78.2972
1.2353,111.4697
35.3833,139.3
53.1,49.9333
35.6536,139.7092
26.7083,86.4917
23.5873,116.5957
28.7136,80.5692
39.5333,29.4833
33.9069,-118.0829
52.1911,-2.2206
32.045,48.8594
52.15,9.95
31.38,75.38
49.5939,17.2508
41.4564,31.7986
38.9171,-94.3816
20.71,81.55
24.0311,87.4197
40.1686,-105.1005
23.2325,56.4973
38.3587,-121.9673
23.9167,120.6833
33.5333,130.4833
50.77,0.28
27.7,74.47
39.5419,-104.9708
25.9861,-98.0889
22.82,88.35
43.935,-78.6083
-22.6619,-50.4119
46.6167,14.3
16.0892,80.1672
21.2986,-100.5164
50.1328,8.9169
-2.0589,101.3914
10.5167,-61.4
45.45,8.62
52.25,6.15
43.2972,-2.9917
49.4447,7.7689
-29.3333,31.2917
9.8164,105.8197
18.8563,82.5716
-15.3869,35.3192
7.05,-3.9667
-21.205,-41.8878
42.2506,-71.0187
26.3196,-98.1597
20.4833,77.4833
45.7833,-74.0
52.2681,-113.8111
35.9573,139.403
20.0781,105.8603
32.1714,34.9083
23.1917,82.3542
-1.8561,106.1192
52.3333,35.3667
-32.4833,-58.2333
14.48,120.9
32.3422,-117.0561
42.4781,-70.9664
37.9106,40.2358
11.6683,92.7378
22.975,88.4344
31.96,49.2881
16.02,120.37
25.67,78.47
48.6833,26.5833
14.655,-16.2314
13.1482,80.2314
34.4667,135.5667
-34.6833,-58.6833
40.3394,-3.5181
19.7125,-99.9511
6.65,122.13
31.4424,-100.4504
6.85,-75.8167
55.85,48.5167
